# ["0 <image name> <1x4 quaternion> <1x3 camera position>"] x 438 images. 
0 0000 0.0787188466336008 0.0824297290259239 -0.6655391175226369 0.7376085452355999 553104.8433484116103500 4183093.9146243422292173 -0.6265446869656444
0 0001 -0.1528212355300827 -0.1546624546420224 -0.6358011545761019 0.7405957648642472 553051.3350205272436142 4183087.9556436501443386 -1.2094968099845573
0 0002 -0.1396924069460596 -0.1236745693657370 -0.6368890099352976 0.7480394517386448 553011.2706979204667732 4183081.5537124718539417 -1.3427623404422775
0 0005 -0.1224634733511711 -0.1144094779836421 -0.6816596990733125 0.7122171183716091 552917.1356081109261140 4183065.5548288482241333 -0.9584796526760329
0 0007 -0.0360141736720793 -0.0426757479247600 -0.6791799811219918 0.7318444596202873 552789.0140138624701649 4183042.5552999274805188 -0.6348310857429169
0 0008 -0.0213943712846260 -0.0619647156156574 -0.6687168625066289 0.7406216393647276 552759.1860684888670221 4183037.8880852744914591 -1.1719311785418540
0 0009 -0.2066381484741539 -0.2018074282696737 -0.6505361608918956 0.7024081013644330 552663.9537451930809766 4183021.2643951652571559 -1.0762006326112896
0 0010 0.1046255318109923 0.1037502762590804 -0.6207296319860079 0.7700546099101977 552663.3522219050209969 4183023.0704311509616673 -1.3766451143892482
0 0012 -0.2455438639487426 -0.2294472031213032 -0.5994545987723070 0.7264408963347708 552603.2036862133536488 4183011.6617302950471640 -1.1133593590930104
0 0014 -0.2602456727020816 -0.2205414654259006 -0.6003833913413347 0.7233072896557278 552443.4353453933726996 4182987.8272510007955134 -1.0553171501960605
0 0017 0.3415485737675802 0.2401544670095841 -0.5470052769679721 0.7255726226242737 552410.3861462182831019 4183086.0831842198967934 -0.8719881726428866
0 0018 0.6905158564646655 0.5745811403719068 -0.2839271671527892 0.3353054262197088 552410.6313273340929300 4183085.2830594638362527 -0.9757312161382288
0 0020 0.4240891958579560 0.3733644703117181 -0.5502313752233817 0.6148111579868968 552692.1137125086970627 4183129.9240245232358575 -0.9772081900300691
0 0026 0.6789269252934121 0.5633798736834082 0.2890392657383475 -0.3716418314742537 552811.9330813786946237 4183234.2003061170689762 -1.0810688373167068
0 0030 -0.3985919739785722 -0.3364875728687822 -0.5716840441669940 0.6333071176211520 552412.2555106338113546 4183171.9499721694737673 -1.2075106470729224
0 0031 -0.2922437973432921 -0.2447068260870725 -0.6037535027263675 0.7001384435427085 552280.1989368812646717 4183112.4873966490849853 -1.1340145668946207
0 0032 0.6654632649632554 0.5736806175378240 0.3012602752709770 -0.3705285934843901 552281.6691463498864323 4183111.6967090670950711 -1.3649279709206894
0 0033 -0.2847201252983184 -0.2463334853832300 -0.5747829651755720 0.7265526871280823 552291.3789272932335734 4183043.8505164538510144 -0.9807321417611092
0 0034 0.6336859515251650 0.4993201910203695 0.3474917025971386 -0.4778817618461387 552295.9020662888651714 4183018.0347698265686631 -0.7794160058838315
0 0035 -0.4339396254515926 -0.3379000062038210 -0.5030015017860382 0.6667154389028196 552298.1199810949619859 4183012.9969078726135194 0.8702058028429747
0 0037 0.7147042251764618 0.5928037811988303 -0.2303672494772294 0.2910540806784517 552287.8574989186599851 4182943.6146202497184277 -2.5675672565121204
0 0038 0.6439327933681029 0.5783560268274891 0.3211097786882192 -0.3843740026176009 552302.9189589668530971 4182988.6541515118442476 -0.9330361741886009
0 0044 0.7616227820886310 0.6251320745856903 -0.1207976558779221 0.1206173845768662 552501.4639213494956493 4182978.7387928222306073 -0.2709337619598955
0 0045 0.7538677718885638 0.6252798706854219 -0.1459876896125762 0.1392697393728315 552540.0487554852152243 4182984.0698240268975496 -0.6848085614619777
0 0046 0.8333787074649380 0.5510168078345614 -0.0398165828903721 0.0165845456619502 552698.5454699548427016 4183011.7162456754595041 -1.3153482654597610
0 0048 0.7593315614061270 0.5620579610847546 -0.2106995417052403 0.2512212796699029 552717.8172915512695909 4183013.3470516130328178 -0.9750624418957159
0 0049 0.4953490201293613 0.2831679094096358 -0.4615349382592541 0.6792869674176626 552717.3973378929076716 4183013.4870680002495646 -0.9311843793839216
0 0050 0.4073198677969904 0.2943782199504374 -0.5474855095371868 0.6690976055580091 552722.6802776551339775 4183010.3257786864414811 -1.0184468312654644
0 0052 0.7265594470945934 0.5350134653427724 0.2420742792356211 -0.3567520218191782 552847.6381520419381559 4183034.9226161632686853 -0.8739102998515591
0 0055 0.7513543095990227 0.6248573903421278 -0.1478456736474510 0.1521893556249353 552894.3931785502936691 4183043.7974404119886458 -0.7090079771587625
0 0056 0.7750195987234865 0.6315231162974841 -0.0173018281375407 -0.0149606791122336 552916.7006388510344550 4183046.6666980329900980 -0.7831708133453503
0 0058 0.7802717851314870 0.6001078359867767 -0.1169694033443409 0.1317751311752690 552949.8512476903852075 4183051.5790071859955788 -0.8297616017516702
0 0059 0.6788744945893962 0.5508667935525928 0.2964347950245402 -0.3844497478940984 552949.1841311908792704 4183052.6622580187395215 -0.8393057671491988
0 0061 0.4808679232298297 0.3514655848220808 -0.4939848314769076 0.6334169001258446 553030.7384883995400742 4183060.6701057055033743 -0.8894393712107558
0 0062 0.7863553928300955 0.6146393105037288 0.0283891127291691 -0.0552971285780518 553100.4490418876521289 4183076.7893414748832583 -1.9603339181048796
0 0063 0.7421226347207776 0.6110515078095564 -0.1888182748247858 0.2005435337550195 553101.8112080206628889 4183076.9867518385872245 -1.1623428571037948
0 0065 0.8000500125196541 0.5920333603731510 -0.0815167659299630 0.0526449859425912 553305.1718974164687097 4182914.3777052909135818 -0.7799434070475399
0 0073 0.7216540752340739 0.6614487902221573 0.1355631038163101 -0.1527204586667626 552422.1283076286781579 4183477.1623046826571226 0.2362875610706396
0 0075 -0.1778259803382221 -0.1369231436550238 -0.6038696645243844 0.7648342315270567 552299.9033023100346327 4183463.5677807517349720 0.1721215987345204
0 0076 0.7871510998884551 0.5681808082800296 0.1495566566758426 -0.1876073599051802 552273.0221177905332297 4183452.8533192332834005 -1.5594151733675972
0 0077 0.6724591137403909 0.6433514951645968 -0.2638185959497346 0.2535692064271147 552215.8006099080666900 4183440.0164275499992073 -0.9002872903220123
0 0078 0.7650358458280105 0.6197186144676631 0.1075259286642555 -0.1382286806179888 552174.1548078828491271 4183434.5583126596175134 -1.0558855003910139
0 0079 0.6898190227665754 0.7194083286564061 -0.0670244031213278 0.0459249591768253 552114.5217630172846839 4183426.5395978786982596 -3.3866570523532573
0 0080 0.7274976728783643 0.5861702453457104 0.2252783591342264 -0.2764077428975257 552111.7694830764085054 4183422.3078261930495501 -3.5755735782440752
0 0085 0.3148272049724585 0.3109565390327170 -0.6251608927313603 0.6429336824598260 551916.6273952848277986 4183403.5746439364738762 -0.0530523281049682
0 0086 0.0922072296577770 0.0898508584866876 -0.6236007412949339 0.7710685867576580 551855.6136874731164426 4183292.6796083487570286 -0.0839200951159000
0 0088 0.3074763807109931 0.3042403698220563 -0.6046979278915598 0.6687574214011089 551916.2045399972703308 4183300.5349778216332197 -0.5395703623653390
0 0089 0.2241339972453508 0.1946931735752762 -0.6277567243392306 0.7195693257003717 551962.1834446734283119 4183308.7685749204829335 -0.9907217895961367
0 0091 0.7019807247893105 0.6238026810752516 -0.2157595447808754 0.2674716731610126 552088.6762320627458394 4183320.0621019736863673 -1.2049152446561493
0 0094 0.7220560040034513 0.6104053989768838 -0.2059951204683884 0.2522030656547484 552234.0627289805561304 4183344.0989831360056996 -0.7724561471259221
0 0095 0.7779528681459458 0.5747810773627854 -0.1602453957488378 0.1968183456654143 552264.6696141031570733 4183348.9645127868279815 -0.7823907211422920
0 0096 0.7103832506589860 0.6427345453000790 -0.2016852176088104 0.2038897115088446 552325.1307653952389956 4183357.9255051845684648 -1.2234313919907436
0 0101 0.6884887821105440 0.5119442485421429 0.3196998620794643 -0.4021048140459548 552526.4990361647214741 4183390.6710860859602690 -0.9534065215266310
0 0102 0.7415244899677611 0.6633154917111399 0.0774251445969369 -0.0644929160311721 552553.1782244106288999 4183400.4709390094503760 -0.0828545399708673
0 0106 0.8010437774197182 0.5361010985557214 0.1540311706871556 -0.2172530258506012 552755.8077100461814553 4183428.5775630041025579 -1.1899189355317503
0 0107 -0.0919783765301971 -0.0804701963369586 -0.6181609922106919 0.7764930865509708 552763.8783722759690136 4183344.3772572833113372 -1.3461534815141931
0 0108 0.7946380275789173 0.6062652341468808 0.0134842689345115 -0.0284788602584014 552754.2271604717243463 4183323.6196588804014027 -1.4553303632419556
0 0110 0.3450484292781771 0.3053625958525660 -0.5859550546959981 0.6665972850102639 552508.5632130233570933 4183304.3248918550089002 -1.1272110437857918
0 0113 0.7924732703234383 0.6016569277445817 0.0591874036262986 -0.0805723797079602 552303.4388525589602068 4183257.8261407450772822 -5.3284735480556265
0 0114 0.7859130548357269 0.5400160177247839 0.1783098020126521 -0.2427529306633605 552210.8765978896990418 4183240.5540908970870078 -1.2060385089134797
0 0116 0.6736934966713222 0.5488768888110140 0.3068187104274941 -0.3882441402049986 552121.3595744394697249 4183224.6431222837418318 -1.5172159860958345
0 0117 0.7787068800251300 0.6116290390846538 -0.0952216684438756 0.1022660618615751 552121.5472636035410687 4183225.5520325959660113 -1.0763180644717067
0 0119 0.7827375545300556 0.6179336653232194 -0.0548417573431124 0.0497221041392963 552024.0470876127947122 4183207.6767854508943856 -6.6951275872997940
0 0120 0.7815135108229281 0.6150914902908359 -0.0798878043334752 0.0672088512905555 551979.4047781775007024 4183200.8960554031655192 -1.6281606742413715
0 0121 0.6568167756613960 0.5399287367789267 0.3447085838887451 -0.3977997921109260 551972.9586709397844970 4183210.1501563806086779 0.1369465078460053
0 0122 0.2098567890374290 0.1951580710072955 -0.6326319320749267 0.7194791824193087 551844.7848344442900270 4183497.8232800476253033 -0.6937186844879761
0 0123 -0.0465319240117632 -0.0420154466778885 -0.6614141850747667 0.7473959847832361 552055.4079626173479483 4183535.7710359650664032 -1.8166715355473571
0 0125 0.0151362956266091 0.0319229630680796 -0.6554108859265737 0.7544457486079446 552182.8868903090478852 4183558.0906804893165827 -1.9765170394675806
0 0126 0.7605697855783132 0.6405458577345596 -0.0664692814506376 0.0825617346468190 552353.1114324253285304 4183563.7859090529382229 -1.3690742354374379
0 0127 0.6409503679399049 0.5560559458949282 0.3509277220870886 -0.3960229093668248 552353.2977660540491343 4183564.6592777315527201 -1.1718497949477751
0 0130 0.6894067180063215 0.6344592963807386 -0.2394627066889481 0.2546318725317259 552475.6825313016306609 4183584.9535544784739614 -0.6828543586307205
0 0131 0.7089462917212215 0.6336406798731562 0.2170223452643953 -0.2208980441754858 552474.8972675807308406 4183586.0417264117859304 -1.2161401851335540
0 0133 0.7183334379627050 0.6932284092445740 -0.0486477147735517 0.0326319531782789 552640.8145233424147591 4183611.2263343250378966 -1.9193403506069444
0 0135 0.3953526834815594 0.2767279001328717 -0.5386481542792666 0.6906345566531700 553331.7584785709623247 4183333.1866311253979802 -0.3802068966906518
0 0136 0.7157689890865344 0.6970905956810948 -0.0415653551826659 0.0034317522573811 553329.0433566379360855 4183327.4416015730239451 1.1145210726826917
0 0152 0.7449931948439271 0.6508927348223085 -0.0938891108282839 0.1118419521451966 552946.8231538499239832 4183853.8459386141039431 -0.9041341844713315
0 0153 0.4831424170596601 0.3815012714772782 -0.5250941324502100 0.5876277195345115 552935.0052754536736757 4183873.9837511056102812 -0.8265091538487468
0 0154 0.4970572498569625 0.4455907072000124 -0.5071197348793808 0.5451720705589134 552909.1391039540758356 4183887.1600148724392056 -0.6542893080877548
0 0156 0.7048111521198093 0.6610543381540556 -0.1712602865963024 0.1921413960868480 552888.9853286107536405 4183933.5250868666917086 -0.9902351449127309
0 0158 0.5282035399201485 0.4646541384267137 -0.4841866671987236 0.5202507312496013 552874.9785717870108783 4183960.9482877105474472 -0.9214657340926351
0 0160 0.5903586355701866 0.4769867375647671 -0.4150920112370195 0.5016562127615223 552738.1071204993641004 4184129.3959663906134665 -0.4154896738764364
0 0166 0.7684966011360856 0.6397368562308089 -0.0056098719055268 0.0108746567490180 552538.7885881620459259 4184354.1373874801211059 -1.2381419256562367
0 0170 0.5869292728333070 0.4617656620887545 -0.4420926276940417 0.4968305652289089 552369.1594677747925743 4184514.8851594342850149 -0.9826530500722583
0 0171 0.6020532379106036 0.4669020501420792 -0.4301170311954235 0.4842868094116508 552363.3028476524632424 4184516.1186969443224370 -0.7747884547861759
0 0172 0.7758059582320389 0.6309448772607218 0.0051994194912264 -0.0025774148045847 552342.6687454963102937 4184527.6601475523784757 -0.8196804706240073
0 0173 0.7737265579232421 0.5639097999757171 -0.1773852168116449 0.2277881382168186 552336.1536245376337320 4184533.0852260407991707 -1.1246078342664987
0 0175 0.7070690723216123 0.6807508033288658 -0.1544095431093992 0.1130900691046965 552293.4769385952968150 4184567.8929798686876893 -0.0024258796474896
0 0177 0.6053014112928072 0.5644601885779905 -0.3839067112162058 0.4094026551948483 552211.2412554954644293 4184571.0625012768432498 -0.4800485387386288
0 0178 0.6973548328296757 0.6118331345571351 -0.2425123691351005 0.2838031067546062 552239.3961187298409641 4184558.1358269401825964 -0.0337592292926274
0 0179 0.6951277861302847 0.6465374134198322 -0.2166937866768500 0.2276632091789312 552313.8909056766424328 4184505.1611594464629889 -0.8985499897389673
0 0181 0.6973245957029578 0.6394455009391835 -0.2276534972206107 0.2302645104213160 552350.1015100076328963 4184477.2860235394909978 -1.6810379769303836
0 0186 0.6283697771504925 0.5490359219669894 -0.3642519380784902 0.4135595545502029 552713.7658785756211728 4184117.5018892399966717 -0.6182875908561982
0 0188 0.6025880904413666 0.5788726436875808 -0.3843416247124755 0.3925246121732409 552839.3204971172381192 4183947.5976973306387663 -0.8109204996144399
0 0189 0.5979178666470181 0.5427300854746538 -0.3909990711369184 0.4416537166548251 552892.0375775985885412 4183870.8978633573278785 -0.4535175610217266
0 0195 0.7462588717840192 0.6153395561943011 -0.1573305613873432 0.1992536607437535 553328.7615856886841357 4183222.7967420425266027 -0.9466833694605157
0 0196 -0.2162442384162573 -0.1595503893730994 -0.5798088027283533 0.7691578868355825 553344.4033339614979923 4183204.1354155410081148 0.7839653972769156
0 0198 -0.1162031896938279 -0.0827995679919620 -0.6217428461102991 0.7701148508865348 553378.7152633056975901 4183173.8907054262235761 0.1266157779609784
0 0203 -0.2471010120570973 -0.1630346345920481 -0.5668878094420083 0.7687645993864681 553438.3319102039095014 4183195.3154714945703745 -1.0512561318464577
0 0207 0.6883613023418073 0.5525418222603428 -0.3043922038825693 0.3580525636090643 553354.1631648910697550 4183268.1750704189762473 -0.5991715108975768
0 0225 0.7362179375268328 0.6692587581747200 -0.0721079970089185 0.0698305079283397 552946.7412651753984392 4183854.5990878106094897 -1.0384520769584924
0 0227 0.5048298588787559 0.4156334248769223 -0.5111764590597166 0.5577582786590487 552935.0524288072483614 4183873.6987816472537816 -0.7584750218011322
0 0228 0.6406330047765896 0.5585722444657232 -0.3514556649452654 0.3925115494878128 552908.6820567634422332 4183887.5525120291858912 -0.6732470715651289
0 0229 0.6897072065415408 0.6568768069341866 -0.2168967378426476 0.2139454016094514 552888.3078255206346512 4183940.2026928542181849 -0.2924396779271774
0 0230 0.7192731408804924 0.6406616224646775 -0.1838230692076266 0.1959793701794304 552880.1423638660926372 4183958.1211711158975959 0.8093470672029071
0 0233 0.7736531308110937 0.6310048157965564 0.0329688344275395 -0.0469767132123581 552714.5446142370346934 4184181.7341402294114232 -0.4995804670033976
0 0239 0.6263097015953212 0.4743957651585436 -0.4115381104944192 0.4618670796862476 552368.6878859996795654 4184515.0490605439990759 -0.9926978350849822
0 0240 0.6041294914942683 0.4701862697343072 -0.4289298374346155 0.4795535672044663 552363.3632117966189981 4184516.1365679190494120 -0.9692313791601919
0 0241 0.7692786946704170 0.6375534419870601 0.0339707811245965 -0.0241222836069981 552342.8429353784304112 4184527.9296872448176146 -1.0186880136607215
0 0242 0.7797277252892836 0.5684078828215875 -0.1575886087655223 0.2100071035675390 552335.7163701616227627 4184531.9576230412349105 -1.1899269795976579
0 0243 0.6213863913677202 0.4765830956849305 -0.4162001439533439 0.4620875952712717 552327.9118327407632023 4184539.2976127346046269 -0.9255691559519619
0 0244 0.7461181802392207 0.6588626279394046 -0.0799116815809097 0.0531208223600371 552292.1107797884615138 4184562.4163283510133624 0.0865349559462629
0 0245 0.7617166296922558 0.6476166001076449 0.0145207331905206 -0.0130254989499560 552272.7604536989238113 4184555.3671567826531827 -0.6823638094356284
0 0246 0.6401512909391388 0.5974403072262553 -0.3330813106802947 0.3497545489137324 552273.5719549476634711 4184555.3123104572296143 -0.7301609688147437
0 0248 0.3253010357949052 0.2895556735149170 -0.6056802277285601 0.6659491045003095 551863.8353484428953379 4184673.1763461064547300 -0.9988074074790347
0 0249 0.3028014442606595 0.2300488094949768 -0.5700378273215071 0.7283170367540349 551890.3910942107904702 4184658.1975662205368280 -0.6808520763879642
0 0250 0.7096516022223706 0.6421171279970316 -0.1957837773383947 0.2138899481676871 552313.9322253866121173 4184505.1684387773275375 -0.8212225720053539
0 0251 0.6713824789533753 0.6265426333276590 -0.2731006570693811 0.2865413175888172 552330.2810622088145465 4184493.9618506906554103 -0.9525594740407541
0 0252 0.7019596661825847 0.6203910786908630 -0.2312627596875806 0.2624596588340887 552351.7002946333959699 4184479.3190375780686736 -1.3041443735128269
0 0253 0.7345597456247094 0.6783864064535957 0.0068188422511931 -0.0129370412804622 552376.0105814682319760 4184466.4972524791955948 -1.0835483052651398
0 0254 0.6632017748256670 0.6208571125316031 -0.2907493817034560 0.3002742891525407 552406.6808756235986948 4184435.7902299398556352 -0.7980744485976174
0 0258 0.6092954452345171 0.5551315931757091 -0.3913810798764716 0.4091562354277367 552713.3019457033369690 4184117.4221936957910657 -0.8688620420289226
0 0270 0.7275432559796577 0.5875436029192513 -0.2151885637401391 0.2813666778114273 553328.0197629472240806 4183222.7845347048714757 -0.8826603993074968
0 0273 -0.0561079375473068 -0.0600287687444213 -0.6216727452262105 0.7789553543754119 553378.3504267862299457 4183170.8684153687208891 -0.7022691348101944
0 0274 0.7508917444610417 0.6218005207616187 -0.1482975062874118 0.1659323660705421 553380.4875563944224268 4183172.1732958042994142 -1.3739781434414908
0 0278 -0.4584178323789311 -0.3721533091580141 -0.5000328423157834 0.6334999305803758 552978.3389886198565364 4182889.6426984705030918 -1.1473413680796511
0 0280 0.7102714341307917 0.5728288565078063 0.2457691268450560 -0.3270766382662725 552965.8009476657025516 4182879.2407854823395610 -0.8703397989156656
0 0286 0.0250974147802696 0.0323521705422327 -0.6150095386242621 0.7874558554190360 552900.2408029516227543 4182814.1060640793293715 -1.3912560256430879
0 0287 0.6578354738066623 0.5239649445215587 0.3267906950431417 -0.4311856536891091 552899.6679896600544453 4182814.8126713051460683 -0.9410380400368012
0 0291 0.6167182543722598 0.5218300466095139 -0.3596818228385608 0.4668843363179745 552876.6225773824844509 4182785.7447090158239007 0.6980444283690304
0 0292 0.7605524278800692 0.6132714946603188 -0.1201926053222628 0.1761017203455930 552858.3701173046138138 4182778.2543840799480677 -0.3160005634417757
0 0295 -0.3538802530998443 -0.2805157018468579 -0.5414769542619819 0.7091420277254216 552807.5843895513098687 4182724.7675803899765015 -1.1058856495656073
0 0296 0.6189131354859480 0.4895387693017514 0.3646126794430828 -0.4943236976544976 552786.1098916777409613 4182721.3512196154333651 -0.8130397459754022
0 0297 -0.0160512476872221 -0.0023499349250442 -0.6120647241738068 0.7906412642125210 552786.9366333181969821 4182721.0531267072074115 -0.9185023842146620
0 0299 0.0422289887339346 0.0359925563718852 -0.5910202526740890 0.8047461148246582 552788.4408914584200829 4182716.2718007923103869 0.3124065939337015
0 0300 0.7188591620338636 0.5885049026207213 0.2390616998440392 -0.2824057159815028 552783.4863104952964932 4182698.8494650949724019 -1.2618121177074499
0 0301 -0.0185793452440671 0.0025879356996730 -0.5978228301258718 0.8014087435880702 552788.2584539128001779 4182698.0233065970242023 -1.1286282257642597
0 0303 0.6577392609142801 0.4692821373184603 0.3698393835524538 -0.4586634611774685 552790.2968320922227576 4182676.3334085866808891 -0.8779021426453255
0 0306 0.7773742881180786 0.6040067111418801 -0.1117988112610464 0.1355217136443342 552771.3214890561066568 4182705.3160213483497500 -1.1208104562247172
0 0307 0.6847273290816362 0.4912270096965016 0.3297058605628455 -0.4256037538178856 552770.2935916336718947 4182704.9834698298946023 -2.0665073027485050
0 0308 0.2045215353616420 0.1834757816747377 -0.5571314713801324 0.7836530499589531 552745.3884513771627098 4182713.5309049333445728 -2.3495403025299311
0 0309 -0.3539366593673854 -0.1696806562268223 -0.5444399917503182 0.7412977886390891 552738.7116018626838923 4182712.9050232861191034 -1.3125085928477347
0 0310 0.0045706833380305 0.0487404904869532 -0.5868701764513559 0.8081997707453703 552727.5173504014965147 4182714.3482396425679326 -3.2090623453259468
0 0311 -0.1259379292457695 -0.0999082806526179 -0.6307729506485722 0.7591333599338255 552713.7526154404040426 4182708.5255437935702503 -1.3686464029597118
0 0321 0.7182205474143977 0.5437350508688567 0.2725749587751132 -0.3379561089507786 552548.4530905550345778 4182669.3267901195213199 -1.6174049392575398
0 0322 0.6669172463370332 0.5042514161198977 0.3304036387496661 -0.4379330215686950 552546.4873926031868905 4182666.3518032841384411 -2.0694381960202008
0 0324 -0.2653261424111309 -0.1711123578762700 -0.5862467581772162 0.7460813210783099 552532.4675057819113135 4182677.0923348432406783 -2.0358139743329957
0 0325 0.2289017692986256 0.2018205899717401 -0.5966482685777437 0.7422151124024613 552505.1622782775666565 4182672.7580758342519403 -0.9182252506725490
0 0326 0.5581539459914368 0.4654977661231707 0.4371281858453287 -0.5298065226552970 552493.5442670243792236 4182675.3677863534539938 -1.1492346879895194
0 0327 0.7900166383755300 0.6032116700327881 -0.0602190736350262 0.0915590268440039 552499.7558742309920490 4182658.3103882246650755 -0.7153820705134422
0 0328 0.7245247147044500 0.5213146057951266 0.2824405170875489 -0.3514574993856653 552497.9275720398873091 4182654.9678242970257998 -0.9084653824102134
0 0329 0.8085254664471220 0.5832143697266594 -0.0485338623068650 0.0615794873344805 552500.8637119971681386 4182660.4222049573436379 -0.6099651542026550
0 0330 0.7114399982800858 0.5880636788334804 -0.2357953015254513 0.3040309429360544 552469.9829369208309799 4182652.7496699965558946 -1.7715901124756783
0 0337 0.3663632589826361 0.3160529234876169 -0.5556331765533419 0.6761362918345645 552396.1633659331128001 4182655.1110192057676613 -1.3797706806799397
0 0338 -0.1560167823956872 -0.1304377099712226 -0.5933899204204559 0.7788023945595987 552394.1657552169635892 4182654.0082153524272144 -0.8304665186442435
0 0341 -0.2355266522414581 -0.1903114631646402 -0.6094985267402742 0.7326802092137472 552357.4011360383592546 4182649.2163193081505597 -1.2026411364786327
0 0342 0.2329433863893694 0.1926576097807252 -0.6115236178669398 0.7312039995254129 552357.9319718715269119 4182649.9149805922061205 -1.2396616801852360
0 0343 0.3564605788337665 0.3084322462555796 -0.5614273428630485 0.6801505303188189 552360.7070081366691738 4182648.5807598610408604 -0.8447426969651133
0 0344 0.7645290823040808 0.6393508293633611 -0.0600995004884099 0.0558018758170910 552362.6518489600857720 4182636.0220346450805664 -1.1608796175569296
0 0345 0.7304565602202101 0.5507854605591838 0.2300131359545972 -0.3319074379344310 552362.3857072500977665 4182634.4892335087060928 -1.7261976763838902
0 0346 -0.4912147159826623 -0.3160474274279131 -0.4865294061691597 0.6497009029937970 552358.3905896744690835 4182632.2923558801412582 -1.4609736421843991
0 0347 -0.1581977668159051 -0.1091154136918080 -0.6144884445540935 0.7651609272426403 552358.4389583257725462 4182632.1089773643761873 -0.8420149025041610
0 0349 0.4848808624782653 0.3955058087453495 -0.5080286041456120 0.5919228343465737 552344.4106729719787836 4182632.3169054188765585 -1.2694516285555437
0 0350 0.7542478624588629 0.5997577742016796 -0.1807926948397689 0.1967607068330903 552339.9593214318156242 4182638.3847940373234451 -2.0836528470972553
0 0352 0.7210474989013222 0.5970224373030989 -0.2099433442750874 0.2820966250762442 552293.8107091793790460 4182623.6209087669849396 -0.2357584510464221
0 0355 -0.2747759358486859 -0.1499832530978576 -0.5658252450681713 0.7627876512583346 552228.1078568487428129 4182632.7492591151967645 -1.1764461500570178
0 0359 0.3678865871758910 0.3051514451936231 -0.5393731141202889 0.6932666862301264 552205.5784460583236068 4182624.5142750875093043 -1.3244653280708008
0 0360 -0.2936257841987461 -0.2432586322958504 -0.6156361819332522 0.6896384764221551 552186.3868275990244001 4182618.5277303466573358 -1.8784345381427556
0 0361 -0.1041195555477924 -0.0642724760235212 -0.6190645772263884 0.7757494545288762 552168.1946679539978504 4182618.6878622453659773 -1.6191921086283401
0 0363 -0.2116180503673866 -0.1589080835257526 -0.6009978443724361 0.7541668335378876 552151.3970727808773518 4182614.1824608175083995 -1.7369520483771339
0 0364 0.1351985622584803 0.1287724447239151 -0.5470740839383862 0.8159956819285513 552130.1113785926718265 4182604.3509372868575156 0.7807170588057488
0 0366 0.7529819279077689 0.6036620459014914 0.1788370049825217 -0.1913835840170385 552095.6982564271893352 4182591.4108461881987751 -1.0258326090406626
0 0367 0.6668259268615210 0.5239240944395256 0.3305156574696851 -0.4142536984727815 552084.2073448540177196 4182589.0805516568943858 -1.1136220303596929
0 0368 -0.3485348047124127 -0.2715686013504207 -0.5675583528139966 0.6947312435868418 552081.4725291517097503 4182589.2969272071495652 -1.2158577465452254
0 0369 0.7744112366401599 0.6234234263457108 -0.0636442202693539 0.0870625136045278 552081.9654979666229337 4182591.0907077197916806 -0.3696997602237388
0 0371 -0.2468049035721809 -0.1890731830408505 -0.5791258552241552 0.7536258453890886 552076.0654698188882321 4182605.8479959834367037 -1.4729514922946692
0 0375 0.0691331805263891 0.0597135451030244 -0.5801473515766267 0.8093725633724933 552049.4991378434933722 4182600.0817865692079067 -2.4029070085380226
0 0376 -0.1651093760246620 -0.1142663029148173 -0.6031617935862320 0.7719313160668931 552027.4811617082450539 4182592.7193072140216827 -0.3409839931409806
0 0377 -0.2332120964908046 -0.1474950660893603 -0.5960363783544144 0.7540543476486375 552010.7629934442229569 4182592.8379531544633210 -1.6545552480965853
0 0378 -0.3537862664978229 -0.2291665918325285 -0.5577755418753727 0.7149855912611310 551998.9848813039716333 4182589.7037459183484316 -1.8800312511157244
0 0379 0.7091018409909531 0.5231644638649598 -0.3097570691297674 0.3571051399465806 551994.3825613507069647 4182574.6877940651029348 1.3070861446904019
0 0380 0.8134997846585594 0.5701959510588136 0.0359995740337544 -0.1086218597981109 551990.2361862551188096 4182575.6483954251743853 -1.1045457611326128
0 0382 0.7677634326077385 0.6089256502322007 -0.1199778931019538 0.1592299255997138 551963.3217157796025276 4182569.7799218464642763 -1.2358996669063345
0 0386 -0.2690263434819182 -0.1629854312229591 -0.5395197239329241 0.7810115512648685 551931.2809469995554537 4182581.4019231162965298 -3.0320428889244795
0 0387 0.2470956944529520 0.2038222342707751 -0.5995146872605156 0.7334728041029257 551931.9097397422883660 4182580.8595719840377569 -1.4347512184176594
0 0388 0.3575427859415931 0.3273449443669694 -0.5547839557611369 0.6761828199891912 551914.2464688671752810 4182577.7362921163439751 -1.6728273250046186
0 0390 0.7435422232212218 0.5408009922151780 -0.2241364432118862 0.3231750360573146 551924.1201456384733319 4182529.8218042589724064 2.0825355536071584
0 0391 -0.0253190016202336 -0.0165653697622002 -0.6588761777677895 0.7516426804351284 551930.7307896418496966 4182484.2112227012403309 -0.8411312900716439
0 0393 0.3637863985585171 0.2993517847510065 -0.5610098097097574 0.6806731657702046 551934.1653234285768121 4182474.1674919184297323 -1.6461481823353097
0 0394 0.6961160534036557 0.5095441315875615 -0.2916357476073110 0.4132018984418168 551936.1776052876375616 4182474.1563384099863470 -0.9330654134973884
0 0396 0.2140246099622054 0.1516675115250056 -0.5756556386312667 0.7744746722717062 551961.7701477990485728 4182477.0580168333835900 -0.7455382703337818
0 0398 0.7415271678182631 0.5671593281969503 -0.2288064463711004 0.2758901337953901 552012.5689841262064874 4182469.9844986433163285 -1.9502387513639405
0 0399 0.7716120598199453 0.6172909365766976 -0.0936185839125221 0.1216646600574654 552019.4492933617439121 4182475.3976950854994357 -1.0641985451802611
0 0400 0.7872605876751074 0.6164161537077371 0.0048230475072015 -0.0151205408086927 552046.5365388266509399 4182479.3044480178505182 -1.2090946508105844
0 0402 0.7289791212914386 0.5514125254658898 0.2578055059552267 -0.3131612820571234 552079.2600428147707134 4182485.3061065152287483 -0.5718946447595954
0 0403 0.7338755040597520 0.5954030695042720 -0.2097412948131233 0.2508595595468715 552083.0694405010435730 4182481.4831134448759258 -1.3355324488366023
0 0407 0.6346210584170632 0.4870398042308657 0.3669064320169315 -0.4747925983552939 552098.5778315722709522 4182500.6965300226584077 -1.4650007334130351
0 0412 0.5030926760485105 0.3835143600533408 -0.4672255445193315 0.6176688315657828 552207.4111819969257340 4182499.4079072680324316 -2.4794635346042924
0 0415 0.6641020968110484 0.5254202197698664 0.3318532299617663 -0.4156626413716986 552238.6557757102418691 4182506.9988183453679085 -1.4093770988401957
0 0416 0.4956449862787477 0.4194232831666050 -0.5042715448219490 0.5693244823449726 552046.1256299717351794 4182688.5338855921290815 -1.0104741384420777
0 0417 0.7886770340727098 0.6042635710935995 -0.0539845173455751 0.0996982670985271 552024.0659017735160887 4182685.9111971384845674 -1.5306429909542203
0 0418 0.7991958589893494 0.5894299950646714 -0.0453242943097673 0.1086460686709780 552003.1015646734740585 4182679.6490847412496805 -1.3114445882383734
0 0420 0.7093837808569855 0.4910368152983120 0.3279574120313943 -0.3848394904014010 551921.9287155182100832 4182667.8451219811104238 0.0315088863717392
0 0421 0.5278844407681029 0.3157580441461628 0.4605744198458779 -0.6399266196491361 551919.2322819090913981 4182664.6218139599077404 -1.9654133097501472
0 0424 0.2764902255462002 0.1494862636530414 -0.5493651039797462 0.7742124996961668 551913.1511589547153562 4182684.9514315626583993 -3.7117253292817622
0 0425 0.2938042246661485 0.2007436781747310 -0.5723721343741344 0.7387632861974133 551934.9304336642380804 4182685.6559576578438282 -0.9451057774713263
0 0428 0.3840648783805417 0.3245068596065789 -0.5004233157786264 0.7048162684614629 551973.9722041916102171 4182692.6766558676026762 -1.7220539086847566
0 0429 -0.2488345806050444 -0.1540034889824937 -0.5852782540744610 0.7561836034878576 551987.4003331072162837 4182693.4686259301379323 -0.4472720678895712
0 0431 0.2524299205319600 0.1978338028996989 -0.5533558056477785 0.7687250965113404 552043.6876861990895122 4182707.1304085059091449 -1.5707173293922096
0 0432 0.3904139126225928 0.3149787443654359 -0.5097748657844519 0.6989241401204683 552052.0907161163631827 4182708.2012906945310533 -2.8299880443373695
0 0434 0.2861133793240303 0.2307181702410517 -0.5326401255631182 0.7623665501138612 552126.9274006537161767 4182716.1181967952288687 -0.8944543622201309
0 0435 -0.1271894717440198 -0.1265391847165719 -0.5651538414697922 0.8052402178733247 552128.9575791377574205 4182717.3342094584368169 -1.8546297324355692
0 0436 -0.1545838056236922 -0.1127257562795207 -0.5560891354688947 0.8088025867438629 552168.9355957013322040 4182724.5869069304317236 -1.8497875002212822
0 0437 0.7198543662640494 0.5376546050801263 0.2745608235353276 -0.3425690750583302 552197.4936952602583915 4182713.0682669924572110 -1.1535960432374850
0 0438 0.7739051538478383 0.6263546492168156 -0.0668535048969759 0.0654314537147346 552209.3319367953808978 4182716.8667384497821331 -1.1705196750117466
0 0439 0.7057705352169987 0.5186145911625392 0.3178086214467190 -0.3632141759168545 552210.8855380329769105 4182716.3902913243509829 -1.1343335116980597
0 0440 0.7503587308758218 0.5285358120602386 0.2474690548541843 -0.3104363658752415 552237.8956256050150841 4182724.5785829988308251 -3.4557886177208275
0 0441 0.7996091479192847 0.5979107135559730 0.0011466025991844 0.0559166744474483 552254.0537478706100956 4182726.2302532112225890 0.5338159480597824
0 0442 0.7555714799884067 0.5690649067747720 0.2058024451709640 -0.2508430267462129 552265.1198728256858885 4182724.6911958833225071 2.9098118566907942
0 0445 0.7463086622613507 0.5964573473764824 -0.1906716973729272 0.2256242833012665 552325.9036544458940625 4182735.0508416211232543 -0.3262672609416768
0 0446 0.7030455241414150 0.5172053584873160 0.2922518380492070 -0.3909149156703927 552327.8649175793398172 4182735.2672692467458546 -2.2475362009136006
0 0448 -0.2335373758906279 -0.1926661698084917 -0.6195367568523645 0.7242335590003399 552340.1773172221146524 4182735.6819397164508700 -0.4941030232002959
0 0449 -0.2734585764780175 -0.2319142915863111 -0.5831771996088394 0.7289310819035141 552339.7675891211256385 4182755.6030317414551973 -0.7990098596783355
0 0450 -0.2008353854987885 -0.1514289306968966 -0.6087287375009115 0.7524518263783363 552343.9131492893211544 4182755.0753248082473874 -1.0079874246148393
0 0451 0.6072641182278101 0.5091068699085634 0.4095476790671608 -0.4520079471597899 552339.2458557013887912 4182755.2091138996183872 -1.4432044836576097
0 0452 0.1614708179830038 0.1531499882248594 -0.5745257901797264 0.7876499047578094 552341.2874611853621900 4182754.7703629806637764 -0.7655347482068464
0 0454 -0.1256719146157591 -0.0856192355112004 -0.5556983276433747 0.8173587248213867 552362.6270681574242190 4182757.7841986948624253 -2.9920542405452579
0 0455 0.3571261437497221 0.2938131586005695 -0.4904510373354186 0.7386423527392815 552375.5335064232349396 4182758.0699976249597967 -2.7414609817788005
0 0457 0.7717999876606311 0.5980648441590819 0.1488245473320608 -0.1565071095491517 552460.5672445206437260 4182759.2410469157621264 -0.4437027492094785
0 0458 0.4876354460789099 0.3993097259045361 -0.4735799279160797 0.6152117248561404 552464.5529135582037270 4182757.4621058171615005 -0.6921943498673500
0 0459 0.6891774308855141 0.5262235747778595 0.3209162445137949 -0.3809671667128481 552482.2619016647804528 4182759.2653635311871767 -1.8684879229404032
0 0460 -0.3809086796647974 -0.3208555451783035 -0.5507550135633082 0.6697978888584486 552480.5613160887733102 4182761.2936323964968324 -1.0077444114140235
0 0461 -0.2606344585599658 -0.1855133818821952 -0.5567467918751448 0.7666077705649210 552477.3769505321979523 4182777.2565697571262717 -1.2608900410123169
0 0462 0.1802524102692292 0.1133668248030929 -0.6004689705569185 0.7707749652294844 552483.0320355184376240 4182777.2839490333572030 -0.9592713887104765
0 0464 -0.0832444834048507 -0.0541157820474891 -0.6195328305754204 0.7786661094174162 552507.8389618167420849 4182780.7332787816412747 -1.9641534640686586
0 0468 0.6985461258285042 0.5262941833439798 0.2930045053185876 -0.3862591132016054 552566.9418063969351351 4182774.3212242270819843 -2.6874947890173644
0 0469 0.7163450978391666 0.5487458625311035 0.2784391840000811 -0.3289366199895645 552552.6852432885207236 4182772.1068919273093343 -1.8883708920329809
0 0471 0.7092419036222084 0.5472845118417139 0.2804860129964084 -0.3446493605940706 552563.9678298977669328 4182775.5208973102271557 -2.3841183306649327
0 0474 0.7377458343849139 0.5312074831457254 -0.2404357891628210 0.3402062976891265 552593.4286202080547810 4182780.5555825140327215 -0.2249085878720507
0 0478 -0.3692281056173187 -0.2340301115944688 -0.5087658292519808 0.7416588460167325 552607.9318396965973079 4182799.8101287917234004 -0.8593885200098157
0 0480 -0.2301700246619382 -0.1497425146975587 -0.5574734703160855 0.7834681033283453 552626.3634785662870854 4182800.0110368202440441 -0.8038422239478678
0 0481 0.7211887780497139 0.5882130758507764 0.2452880045409644 -0.2715251712855383 552698.2639175425283611 4182798.4995426856912673 -1.2558518825098872
0 0482 0.7455736408612835 0.5247258634305878 -0.1994044926708884 0.3591943242905428 552742.7010240328963846 4182808.2956687649711967 -0.9447396732866764
0 0483 0.4055396717001131 0.3411536441992665 -0.5296776175242192 0.6622638350542719 552756.7714352984912694 4182807.7715880512259901 -1.2403040620265529
0 0484 0.6701442986103223 0.5610649366552909 -0.2907203521316379 0.3893512973556526 552751.1000349069945514 4182825.8838637387380004 -1.9889373109908774
0 0487 0.6984352001818944 0.5936797955573289 0.2512002743009093 -0.3108552616331808 552868.2738534908276051 4182821.9794907984323800 -0.8513153095263988
0 0488 0.7602558816668507 0.6166762611705482 -0.1123301442806082 0.1705969577265989 552867.4907864580163732 4182821.7821531398221850 -1.4152415195712820
0 0492 -0.0155300514072180 -0.0122547577317645 -0.6055858577000046 0.7955340391020203 552901.6173651225399226 4182813.0830554515123367 -1.0146194170229137
0 0493 0.7629741180556010 0.6333667561158881 -0.0606321670719702 0.1141962685059004 552772.9449398866854608 4182810.4246670040301979 -0.6900519774062559
0 0494 -0.3479810577340396 -0.3028831750474499 -0.5555862544494350 0.6917332430918169 552752.1717676436528563 4182912.3145766481757164 -1.3599395318888128
0 0495 0.3890834218051346 0.3205993869483535 -0.5469090015302055 0.6683716541041979 552730.5099565039854497 4182923.0242920503951609 -1.5715791853144765
0 0496 -0.1513029939490559 -0.1162974259976213 -0.6148724757800561 0.7651889644110689 552730.8804829140426591 4182923.1109908958896995 -1.6807913541560993
0 0497 -0.3265096204156683 -0.2289295270756174 -0.5861924294621522 0.7052383817194084 552707.1497220203746110 4182919.8495267448015511 -1.2773218892980367
0 0498 0.3303674657095870 0.2877431071154280 -0.5647129576537094 0.6994001125008374 552682.7088606811594218 4182916.2557526528835297 -1.6704186555580236
0 0500 -0.2198298788809770 -0.1408611569798634 -0.5444867114263982 0.7970992283809685 552666.2711928396020085 4182914.3882825253531337 -1.6957504323218018
0 0502 0.7138085460918580 0.5792469829028147 -0.2528874255844238 0.3016591492156286 552663.1532102711498737 4182901.1036398960277438 -0.7860352749703452
0 0503 0.7476976422963596 0.6444135684217949 0.0942352041481438 -0.1296113993347474 552658.3269014961551875 4182907.1957324161194265 0.9035887653008103
0 0509 -0.3965630036994138 -0.3167074256049043 -0.5350301888929693 0.6754086819376592 552465.0792433484457433 4182860.8036776855587959 -1.4373466063989326
0 0512 0.7585764191986225 0.5457250376277460 0.2120078344782392 -0.2860046811886796 552349.0521193142049015 4182845.5733341397717595 -1.6185786036076024
0 0513 0.7710780296755858 0.6302565862789887 -0.0597829088608469 0.0681271708770286 552327.9051855567377061 4182842.3327202289365232 -1.0010194014757872
0 0514 0.7813416230666059 0.6216117764738853 -0.0415604538872956 0.0371052029411544 552328.3265174699481577 4182842.7091571986675262 -1.4436340198153630
0 0515 -0.3657806969453384 -0.3020210230979081 -0.5734851289190945 0.6679091182621517 552328.1655368879437447 4182841.3317263135686517 -1.2349901409470476
0 0516 0.7763390085246636 0.6112791848526532 -0.0802909175490709 0.1311063330581173 552319.3586251661181450 4182841.3782881051301956 -1.2009588225046173
0 0517 0.7603119119198930 0.6479283556704202 0.0021521587940916 -0.0459348530363085 552301.5880044081714004 4182839.4567235680297017 3.5168231641873717
0 0518 0.3057550050801650 0.2607154956522479 -0.5683799247659035 0.7179732364916793 552310.8572978009469807 4182853.6773902201093733 -0.1888196264626458
0 0519 -0.1307416341996880 -0.0604094262234781 -0.6169538722665611 0.7737087603261584 552315.5389553848654032 4182853.9068104200996459 -0.6589054610813037
0 0520 0.6604798463871979 0.5869707745655280 -0.3074105988238802 0.3531719213825339 552316.8921712040901184 4182856.3586997133679688 -0.7687752991332673
0 0521 0.1646211069614670 0.1715280786990420 -0.6131551732215711 0.7533383986710234 552298.6777976604644209 4182852.0416221125051379 -0.0237914201570675
0 0522 -0.2447149563444346 -0.1391852510652020 -0.6017765659259607 0.7474001744243950 552189.5565467490814626 4182834.5941981268115342 -1.1670829560607672
0 0523 0.2271261361005600 0.1741521722983168 -0.5965002775582952 0.7498480899866879 552188.0012955854181200 4182832.5576757211238146 -0.9802014430752024
0 0526 0.7202418246657987 0.6036537159791533 -0.2085011812069057 0.2708895764365358 552577.8049590175505728 4182566.7655306095257401 -1.2098397086374462
0 0527 0.2053137701722896 0.1608470158669390 -0.6094812553704405 0.7486702161942951 552513.2592849102802575 4182568.1672729989513755 -0.6195001641754061
0 0528 -0.2328804054549049 -0.1887448738449403 -0.5972399279575628 0.7439398885700793 552516.6496326723136008 4182567.7523335786536336 -1.2592253987677395
0 0529 0.4211973621763227 0.3273507825661875 -0.5021228192735459 0.6806665274668633 552488.9384575923904777 4182564.6992924069054425 -0.8385862716822885
0 0530 0.3399604929156212 0.2851270891372639 -0.5566997009575030 0.7022925667060026 552419.3994145342148840 4182551.8071412006393075 -1.1197870867908932
0 0531 -0.0566298137315369 -0.0445145643330729 -0.6427595908036738 0.7626739973205209 552419.0747663786169142 4182555.6855472740717232 -1.5065440555335954
0 0533 0.8032480799276308 0.5913437607018998 0.0510049728460884 -0.0500357024181596 552406.4659629609668627 4182533.1930842166766524 -4.0041133707854897
0 0535 0.7422582120585655 0.5910919447122035 -0.1894887557582646 0.2525016256762553 552362.4180772504769266 4182526.1278896140865982 -1.4786078913602978
0 0537 0.7442550744432440 0.5819456243085953 0.2189570529499899 -0.2438882602279493 552322.2808305632788688 4182523.7824721969664097 -1.1590519851306453
0 0538 0.7364749268305177 0.5896215045402935 -0.2150588228751701 0.2523903053549612 552315.7962942100130022 4182522.4444935815408826 -0.4027222283184528
0 0539 0.7095253691432770 0.5905037270562771 0.2544073121099580 -0.2883678526114318 552305.2352147074416280 4182519.9561963262967765 -0.7516734334058128
0 0540 -0.1537770540758684 -0.1363035011842964 -0.6145388081466561 0.7616534818973373 552301.4940373090794310 4182532.1478599319234490 -0.8468228206038475
0 0541 -0.0757395548968353 -0.0584012102713796 -0.6160043288463669 0.7819152673438500 552280.0243590759346262 4182527.7165420800447464 -0.8525011425372213
0 0542 -0.0880678305504929 -0.0705425955813620 -0.6045523750870270 0.7885329575911263 552259.4932612942066044 4182524.3979989811778069 -1.1550827657338232
0 0544 0.7292593802447817 0.5483140307524492 0.2497667892408897 -0.3242669132016033 552239.7632384118624032 4182507.5181185314431787 -0.5786831051809713
0 0545 0.7154889047124251 0.5373518658708299 0.2876738248486464 -0.3414269614068318 552191.6685084139462560 4182496.7342696199193597 -1.6123410001746379
0 0548 0.7326243055393842 0.5483057816836322 0.2323621572731349 -0.3295909958912879 552090.3297482251655310 4182481.3358308277092874 -0.9911307540023699
0 0549 0.7231101675280228 0.5113213566370978 0.2833778597883359 -0.3679118704882661 552060.5969301674049348 4182480.1854266142472625 -1.1326219369657338
0 0552 -0.2318530257952680 -0.1872923746213848 -0.5853855076184158 0.7539824588865389 551990.3731698703486472 4182482.3671137988567352 -1.0365982544608414
0 0553 0.2524281766363321 0.2337669267874861 -0.5910412854160124 0.7295911447613510 551949.9448612169362605 4182477.0635785749182105 -0.9073036839254200
0 0555 0.6980773712907614 0.5479711069138968 0.2868728999108059 -0.3607209294955089 551953.2360945518594235 4182459.7569281216710806 -1.3258901822846383
0 0556 0.4944298645077793 0.3890155478171396 -0.4693527478723434 0.6196079491937060 551935.7753530445042998 4182459.6769451424479485 -1.0536994500580477
0 0559 0.6758457702102398 0.5065834278887553 0.3339377884201856 -0.4184390982478111 551814.5124636981636286 4182438.9912117714993656 -1.2513635539798997
0 0560 0.3575483503134469 0.2933430293327018 -0.5529418095581058 0.6930832558738191 551672.3565843827091157 4182325.3257651035673916 -21.6922733076498844
0 0561 0.0432715447529027 0.0520657408008837 -0.6335538572986810 0.7707309789748401 551766.3296218474861234 4182446.4602269120514393 -1.8556258582975715
0 0562 0.7283850438335685 0.5715963576124846 0.2390405686569454 -0.2925618540067640 551742.5848135082051158 4182426.8339504627510905 -2.2493423568084836
0 0563 0.7520135893091020 0.5687809493797329 0.2024470060005558 -0.2645354473006248 551709.9115452778059989 4182420.6286731967702508 -1.3123985029524192
0 0564 0.2154877040494241 0.1740471281669831 -0.6000311384367946 0.7504900262405743 551623.7659722033422440 4182417.7896263711154461 0.3978198419790715
0 0567 0.8085178746040838 0.5789170286330292 -0.0569420249354448 0.0889467604842942 551524.8798478611279279 4182392.0856852070428431 0.0227846149355173
0 0568 0.1872582169102890 0.1496140987989533 -0.6223696487670412 0.7451214679055664 551536.6558626031037420 4182301.0927873896434903 -0.8457998789381236
0 0570 0.8018711509104806 0.5787824579334350 0.0841382531272309 -0.1222058840102663 551604.9863212961936370 4182296.9281563414260745 -1.8235023438464850
0 0571 0.7662490530785232 0.6030302614501295 -0.1469426770182451 0.1662069255547633 551627.9428838512394577 4182300.8439637119881809 -0.1687868004664779
0 0572 0.7148697743058311 0.5412544975053450 0.2584930571549766 -0.3594246988130346 551662.5926467315293849 4182307.1181657798588276 -0.5616550880949944
0 0574 0.7624877792471233 0.5809013143889531 0.1721620330847326 -0.2269940171108226 551743.5288963657803833 4182321.3914491068571806 -1.0717640843940899
0 0575 0.7231973114605356 0.5846409666993488 -0.2400085160424766 0.2785255840675903 551768.3182306601665914 4182324.7568845394998789 -0.1727377895731479
0 0577 -0.1468246964478562 -0.1176248991562109 -0.6249023659946698 0.7576964593989798 551806.5768197457073256 4182346.2712919889017940 -1.3619303465820849
0 0579 0.7809962057359111 0.6062462124285458 -0.0983968238848328 0.1132630636683028 551831.6953614476369694 4182334.8290875116363168 -0.9915285339811817
0 0581 0.7267409521992844 0.5964629038939144 -0.2254714661820133 0.2554255480813333 551884.1365367462858558 4182344.8388296170160174 -0.8458281351486221
0 0582 0.7845623335185358 0.6163655473187980 -0.0509845460263512 0.0442270614989861 551913.5272453071083874 4182350.7055710856802762 -0.7330587493488565
0 0583 -0.1972961239941049 -0.1389925230262809 -0.5942229327952684 0.7672381795374116 551900.4006180486176163 4182352.5013662087731063 -0.0182833010330796
0 0584 0.2360972888604539 0.2119496841891539 -0.5722794587022705 0.7561954923908881 551909.4138876376673579 4182360.3891986375674605 -0.5926497513428330
0 0585 -0.2471715616170309 -0.2066283281571613 -0.5757736816339938 0.7514623215227835 551943.8042050406802446 4182366.8534626313485205 -0.9910773035371676
0 0587 0.7031721226435099 0.5555647534699152 0.2656081244390582 -0.3554561785521512 552020.7273864794988185 4182365.5881320629268885 -1.5960403292556293
0 0589 -0.0988747351052895 -0.0658213397089493 -0.5955987166725425 0.7944517019270576 552093.5939960426185280 4182391.9509734897874296 -0.9862030488438904
0 0590 0.1112864201675618 0.1041847566541588 -0.6155613259116673 0.7732044511053158 552121.2812408600002527 4182401.5626600855030119 -1.1250774665968493
0 0591 -0.2978592127877724 -0.2045752645031687 -0.5646752312853621 0.7420045375088551 552121.7627436243928969 4182400.5682100374251604 -1.0732427660841495
0 0595 -0.0661813304137938 -0.0522361520563416 -0.6125992159008700 0.7858839714618477 552232.5081255575641990 4182423.1463955137878656 -0.7559417461743578
0 0596 0.3807364587142540 0.2927819639727514 -0.5368782191189536 0.6935994870338706 552238.7036459930241108 4182417.9162704879418015 -0.8353868509293534
0 0597 0.7611601036904184 0.5799147418361097 0.1800128137023352 -0.2278806171093059 552289.0626072080340236 4182411.5189043940044940 -1.2712661919649690
0 0598 0.7453115913010824 0.5821259105327451 -0.1990587237015529 0.2569351682370080 552290.6145427790470421 4182411.7475690208375454 -0.9429030991159379
0 0599 0.2742871103453143 0.2264387062165658 -0.5880350291573688 0.7264343727476540 552344.2345265285111964 4182433.3049478335306048 -1.0567528938408941
0 0600 0.1953747998305948 0.1635804096637136 -0.6102367850114330 0.7501207925289877 552394.4689140054397285 4182443.8599149780347943 -1.0285978656029329
0 0601 0.6835576728684351 0.5718019937192558 -0.2829460305103815 0.3545883975256267 552384.3664849714841694 4182407.8268689680844545 -1.1626869601896033
0 0602 0.7548541563766662 0.5967534358413095 0.1663446470285531 -0.2154297978864806 552496.2485314807854593 4182446.0520603116601706 -1.3760827218648046
0 0603 0.7817924371434919 0.5933987463036833 0.1229708905046175 -0.1468219098055797 552514.0318257596809417 4182448.5863090557977557 -1.4282126560574397
0 0605 0.7571646912299547 0.5989389445776552 -0.1506860165812673 0.2127615929384855 552396.4703504906501621 4182323.4027674389071763 -1.3255098509835079
0 0606 0.7419528284069390 0.5491139136115091 0.2416948907148107 -0.2992715992197577 552369.6901428394485265 4182316.8012926541268826 -1.1321260632248595
0 0608 -0.1010577026267286 -0.0980594345658864 -0.6423866727472923 0.7533332932434947 552213.0235910031478852 4182305.3410185733810067 -1.1383949427399784
0 0609 0.7833688791533715 0.6214001921202196 0.0131240286061586 -0.0047707735315400 552144.0482374705607072 4182282.2536642118357122 -1.5362081554485485
0 0610 -0.4495602456356875 -0.3568224250717474 -0.5205324365465934 0.6321545103950174 552130.4652555466163903 4182276.1921409037895501 -1.0732953312108293
0 0611 0.3163453288624122 0.2396547756476923 -0.5578173791158677 0.7289245454589185 552044.4897478325292468 4182277.7575732404366136 -0.9984172297408804
0 0612 -0.1571239862590781 -0.1220571257659046 -0.6179979880976936 0.7605870086315084 551801.8044362566433847 4182237.5338380197063088 -0.8436398513149470
0 0613 0.6522048536916519 0.5173431879703094 0.3315407281484575 -0.4439207139349983 551697.7070390387671068 4182220.4296002238988876 -0.8299897177494131
0 0614 0.7177515696248842 0.5877469900100564 -0.2506591680593525 0.2766878051214529 551740.1241814298555255 4182216.4479067390784621 -0.3835338370408863
0 0619 0.7830728435734948 0.5884317337885151 0.1150202526486145 -0.1652735847285093 551749.1301142333541065 4184423.4240429280325770 -1.1840990214841440
0 0620 0.8048150586967983 0.5884198306325239 -0.0700178866357746 0.0336499593509518 551733.4837444984586909 4184423.8286048946902156 -0.9717249001841992
0 0621 0.7219273429345976 0.6697311583499245 0.1115023299523532 -0.1335975953146494 551696.2539411233738065 4184415.2934805569238961 -0.3323943600989878
0 0624 0.7130260855892683 0.6763160551302423 0.1464890212506308 -0.1128333350359931 551650.6851710744667798 4184413.5316247278824449 -0.2801756425178610
0 0625 0.7313402327761915 0.6656340434157557 0.1031029959631626 -0.1069698854457544 551643.1475688831415027 4184410.1376062049530447 -1.2131857699714601
0 0626 0.7408848270477099 0.6265380947017052 0.1790316877972946 -0.1627493278096538 551585.1934836970176548 4184399.0820138137787580 -1.2488828519126400
0 0627 0.7229652589141506 0.6191135704422444 0.2156307219644739 -0.2179977363243275 551570.4104941457044333 4184395.8615150647237897 -0.8014751747832634
0 0630 0.7441423834268929 0.5809166356043879 0.2440466892718511 -0.2218765177328835 551537.7136906560044736 4184603.2912235702387989 -0.8638076116330922
0 0631 0.7412791591046218 0.5925407142432950 0.2140401578934555 -0.2314897860600660 551524.6349627722520381 4184600.8125845650210977 -1.1049697122070938
0 0632 0.7957175390601714 0.6046487126216559 -0.0002767914154239 -0.0351205885985878 551500.3430374404415488 4184597.3933734633028507 -0.7704925166908652
0 0633 0.7638695939313985 0.5663950136236238 0.2134669483327434 -0.2239013041026811 551483.2766829864121974 4184594.6863733222708106 -0.9695820335764438
0 0634 0.7421226572637456 0.5829579925667946 0.2287876098699682 -0.2388936375215500 551473.4646654739044607 4184593.5659545697271824 -1.0110605737427250
0 0636 0.7966937130258797 0.6001115952458992 0.0611387561369832 -0.0375133759408814 551427.6586436248617247 4184585.5046640499494970 -0.9632100628223270
0 0637 0.6703659462711161 0.5716372336133053 0.3185998656789099 -0.3497634869684643 551317.2865627759601921 4184568.4586524846963584 -1.0200837094453163
0 0638 0.6900532123588986 0.6025114415883434 0.2713222613370129 -0.2952808110447933 551304.8251553934533149 4184564.9181823190301657 -0.9302837800350972
0 0639 0.6864846170378245 0.5925350914830280 0.2516670330615280 -0.3380898407252708 551303.6289419014938176 4184575.2237258641980588 -1.0869542961008847
0 0642 0.1666781167495157 0.1739486951973245 -0.6385059038918112 0.7309380736637573 551500.6925701284781098 4184716.5567607777193189 -1.1779348924173974
0 0643 0.0988285691144072 0.1069624206604996 -0.6231717429840843 0.7684067498658660 551516.9285372656304389 4184717.3702085451222956 -0.7247019576607272
0 0644 0.6327917714668307 0.5484650731062749 0.3545288836324135 -0.4160167162708170 552374.5472061545588076 4183465.4985585683025420 -1.3118529280181974
0 0646 0.6300399676080978 0.6417683863214830 -0.3205166198393869 0.2974089338628561 552056.6196296608541161 4183416.4788936921395361 0.1416829655063339
0 0647 -0.1509361253225596 -0.1180328249906252 -0.6668386173869331 0.7201477602956414 551812.3391528978245333 4183298.5197915276512504 -1.8880949234589934
0 0648 0.4378696605708202 0.4276577477859553 -0.5362430473348285 0.5812249179924204 551814.7022182934451848 4183286.8075377703644335 0.1673379877538537
0 0649 -0.2944519890486597 -0.2432030048558655 -0.6040572923104944 0.6994748831665650 551817.2181521947495639 4183286.1173243261873722 -1.6717871025903150
0 0650 -0.3601885682991417 -0.3136451250637676 -0.5887928717285856 0.6520842621869917 552455.3000085609965026 4183378.7905676877126098 -1.2860412125010043
0 0651 0.5963885780995590 0.5200549947949824 0.4028206421189367 -0.4599989093292117 551846.6107023562071845 4183179.1918636844493449 -1.4154943130270112
0 0653 0.3502070256849253 0.3330746031529683 -0.6076779004492011 0.6301935553471343 551906.7051358160097152 4183511.7212972566485405 -0.5349730068410281
0 0654 0.3533328841762641 0.3593725836095806 -0.5774378731252130 0.6423182402750897 552028.6513871897477657 4183531.0124682998284698 -0.5737319545005448
0 0655 0.6748751602289020 0.6371714920087945 -0.2580173724390145 0.2682965586752231 552264.1948098756838590 4183551.7696356456726789 -1.3306331807980314
0 0656 0.6513864422378634 0.6281200525830981 -0.2930541071460366 0.3086748980667911 552353.9528283521067351 4183565.0816185045987368 -1.2149107208388159
0 0657 0.5783233237436500 0.5783949108462602 0.3996963497519287 -0.4138167327649138 552419.8404814114328474 4183573.8898053835146129 -0.7376311350872129
0 0659 -0.0575029202860226 -0.0239232246703435 -0.5968882322973369 0.7999034514395547 553063.0386491827666759 4182981.1360627366229892 -1.1637302725575864
0 0666 -0.4404688918717853 -0.3220759951189086 -0.5280026428928873 0.6507437420056625 552807.5537539615761489 4182725.2589837135747075 -1.2620869373786263
0 0667 0.5367113125186673 0.4462866113984118 0.4766632733715325 -0.5343794076494232 552784.5788557035848498 4182697.8270114157348871 -1.0000257090141531
0 0668 0.8157636813516980 0.5768466688485497 -0.0365751871432828 0.0209712305621474 552786.5596724729984999 4182698.8529020245186985 -0.5351009627338499
0 0669 0.7714500346478942 0.5682412223440954 0.1797825030840950 -0.2228115994634674 552801.0971505816560239 4182684.6391067476943135 -1.4154690293362364
0 0671 0.5192193362866437 0.4215650873749475 0.4721475793450987 -0.5742567555120042 552785.3295190543867648 4182671.5057203802280128 -0.3301099658419844
0 0675 -0.1356381928514424 -0.1229088021100236 -0.6054077891286808 0.7745818974557802 552497.4826749614439905 4182656.3681818549521267 -1.2048329645767808
0 0676 0.7862093205376841 0.5995287025104623 0.0938269097758011 -0.1167764966408846 552474.6820371339563280 4182656.1751429550349712 -2.8619284641463310
0 0678 0.7009371480696676 0.5448113040255078 0.2776576867986229 -0.3671157398200526 552396.1572384159080684 4182642.6101182964630425 -2.2498256968101487
0 0680 0.4580836444825008 0.4227711803656676 -0.5255731928090284 0.5789617627359981 552361.5583924471866339 4182639.6756926523521543 -1.3135871721751755
0 0681 0.7259022725224125 0.5261047797766486 0.2650778620699392 -0.3549836312893763 552360.4470799756236374 4182631.2546133687719703 -0.9362434954382479
0 0683 -0.3207327955102895 -0.2786537603223546 -0.5817567355289949 0.6935716663827998 552223.4805578894447535 4182609.6034074844792485 -1.0053698314586654
0 0684 0.7621960910631621 0.6279006205673586 -0.1073866075219119 0.1151783225442039 552222.2529896409250796 4182610.5913037005811930 -0.5856187525205314
0 0685 0.6759564139497977 0.5622441163987784 -0.3001201594984526 0.3699896888802578 552101.7072325553745031 4182591.1691175242885947 -1.3711792856920511
0 0689 0.3959288886931879 0.3110277634992554 -0.4813039675981216 0.7175294671336745 551973.3680433158297092 4182480.1351341288536787 -1.4711768158595078
0 0691 0.4678857305566059 0.3625951018550809 -0.4436404590806400 0.6728973757705805 551996.9420170367229730 4182483.7249559042975307 -0.6962351892143488
0 0692 -0.2932868532265936 -0.2584000581796200 -0.5637327334891223 0.7276109103429481 552003.7833496422972530 4182484.9036592254415154 -1.2315555408131331
0 0698 0.6422670653450847 0.5078448810558477 0.3539929765033245 -0.4519685455257935 552075.6984327574027702 4182694.4025839883834124 -1.8355625208350830
0 0699 0.7406090833754639 0.5958715427053667 -0.1967002843094075 0.2403004127509562 552046.1118908622302115 4182688.4854965824633837 -0.9525095284916461
0 0700 0.7364873331564251 0.5601334354680296 0.2358560783436049 -0.2969997523219419 551992.0742384884506464 4182679.6344683794304729 -2.9410813230788335
0 0701 0.7026034741540482 0.5044466034140435 0.3228006423976357 -0.3842938038511293 551965.2555211237631738 4182673.7766546928323805 -1.6478856101748534
0 0702 0.3628497350248258 0.3085878284034692 -0.5222418490506973 0.7073733618491395 551927.6897661448456347 4182684.2839623545296490 -1.1799093550653197
0 0703 0.3774378821721921 0.2833358230210155 -0.5473413283008606 0.6911432028373161 551996.5518745642621070 4182697.5698133758269250 -1.4516532980487682
0 0704 0.3988447578561131 0.2807051868507348 -0.4980930572625151 0.7169593876313173 552040.5971096521243453 4182706.5000269943848252 -2.9293368802173063
0 0707 -0.1904592528415973 -0.1411604416293862 -0.5606857671890777 0.7933665440372518 552090.5644473661668599 4182713.2866641823202372 -2.1204409685451537
0 0708 0.3054900972281752 0.2549848464664882 -0.5448473657053997 0.7381055999326032 552100.8878827346488833 4182713.0675940141081810 -0.4943244126625359
0 0709 0.3936587131673140 0.2768297901404984 -0.5118246123122685 0.7116415186522059 552112.8964824255090207 4182715.6376304533332586 -1.7791045976337045
0 0710 -0.3706228367463679 -0.2949303960374935 -0.5102255922451436 0.7178611421391569 552128.4052286169026047 4182716.8638681503944099 -1.7593001567292958
0 0711 0.7219093165762004 0.5553514440040389 -0.2388175010681777 0.3367460667426759 552135.3386480079498142 4182702.6056421003304422 -2.5650571599835530
0 0715 0.7413827073377863 0.6390173643317267 -0.1313996381417775 0.1572978844080161 552233.0317030375590548 4182721.1942750834859908 -0.6254009323893115
0 0717 0.6920249373539312 0.5005141502005690 0.3063321704397736 -0.4204136925493120 552288.7887366546783596 4182728.8680378152057528 -1.8890788172720931
0 0721 0.7311670054684863 0.5329199170937839 0.2769021481899992 -0.3235990920981772 552398.4754508575424552 4182747.1544307768344879 -1.4444922480033711
0 0722 0.7683997648507890 0.6188630196445585 -0.0991375875202381 0.1293912788186984 552399.8684900768566877 4182748.4716022871434689 -0.5621847090078518
0 0723 0.7103582685212726 0.5002818799377875 0.3012866168008869 -0.3928556293169902 552444.4953629283700138 4182755.4690464832819998 -0.4916732714627869
0 0725 -0.2970335948120975 -0.2294407983063165 -0.5692322922906696 0.7315070478396449 552479.3438218976370990 4182775.9462523767724633 -1.2653602894861251
0 0727 0.0052434064829591 0.0036628496710655 -0.6357844196089325 0.7718401790547539 552639.9851737428689376 4182801.8326588780619204 -1.0295959366485476
0 0729 0.6591075920615732 0.4694827901574170 0.3534641403867130 -0.4692826368975139 552682.4599052972625941 4182796.4141558632254601 -0.9972738779324573
0 0731 0.4904496652588793 0.3764889196884006 -0.4627206779660120 0.6352989795222312 552752.0102655782829970 4182808.5461006071418524 -1.1822896262456197
0 0732 0.6252371340399664 0.4497265519519589 0.4015033684978296 -0.4956002419004527 552751.9967013933928683 4182808.0581096610985696 -0.8125272677571047
0 0733 0.4459835359672827 0.3060014664979075 -0.4642988176151431 0.7013475572841397 552751.5430178293026984 4182826.0856660921126604 -1.0112494719214737
0 0741 0.7883113376314957 0.5345602433747206 -0.1706634485994539 0.2523580164705351 552854.8423610699828714 4182825.3904115972109139 -0.6614009651821107
0 0742 0.5258509993389862 0.4184263785522905 -0.4361348228043064 0.5984868491147162 552853.9233992223162204 4182822.8275063536129892 -1.1932658693112899
0 0743 0.4472099197794290 0.3188066721601281 -0.4859160338453173 0.6798905805268212 552853.0789049570448697 4182823.1168854134157300 -1.1955523597425781
0 0748 0.5971369370770991 0.4979620896166310 -0.3937649634208359 0.4903166214447628 552732.1965175458462909 4182924.2581426012329757 -1.1579233491793275
0 0750 0.4413594240092829 0.3752080144258731 -0.5217361858434234 0.6262684385551810 552609.9139495023991913 4182902.9835341721773148 -1.0407894634117838
0 0752 -0.3169778948654673 -0.2025563275029117 -0.5572892321716719 0.7402193324013486 552526.2864872002974153 4182890.6107501424849033 -1.9134873661678284
0 0755 0.8210219789001210 0.5697270370187605 0.0142828121413831 -0.0336156917240619 552481.3232466052286327 4182857.3367405487224460 -0.9757805268745869
0 0756 0.8087915268769689 0.5260414840716170 -0.1691222189885118 0.2013313143357337 552449.2311372365802526 4182862.5322147863917053 -1.4954858943820000
0 0757 0.6971902160016679 0.5091466991605964 0.2948201881035648 -0.4096052955370520 552379.2640934213995934 4182847.9362697969190776 -4.1349422573111951
0 0758 0.7099900308535739 0.4903081908904623 -0.2855701555146878 0.4170871855063161 552330.9450801298953593 4182835.4713017954491079 -8.3053335873410106
0 0759 0.6674083164282397 0.4614129572955172 0.3265141388783551 -0.4848223789335162 552315.0439308927161619 4182838.9013025024905801 -2.5659518119064160
0 0760 0.6850070140696306 0.4696095315995893 0.3037179654814692 -0.4668915034031142 552312.4991418073186651 4182839.1124025620520115 -2.0407363019185141
0 0761 -0.3493061210698307 -0.2171079760705817 -0.5673114651432820 0.7134473085145582 552309.8885942474007607 4182853.9700216781347990 -0.6320597785525024
0 0762 0.4837273836932182 0.3879817323681822 -0.4700983535557716 0.6280808320575076 552310.3433408936252818 4182854.1318952250294387 0.4637829069542931
0 0763 -0.3987355537093397 -0.1815277679667150 -0.5514541399806216 0.7098985555439324 552270.1320352493785322 4182849.9539760248735547 -2.8886094355257228
0 0764 0.4030986225197450 0.3688444293963339 -0.5244111868830718 0.6530376669824376 552231.2911479956237599 4182839.6048682220280170 0.4806818751676474
0 0765 0.7347700766591740 0.6320387776154807 -0.1819652231876454 0.1659173757834633 552252.0610876209102571 4182830.1840333873406053 4.3939455277286470
0 0766 0.6600759200893093 0.6053483959216071 -0.3002030880895682 0.3282243214249611 552270.0358300022780895 4182829.6195104811340570 1.1010813197935931
0 0767 0.7967546803452465 0.5901782612611998 0.1182556020281490 -0.0537327820944644 552287.8134885330218822 4182836.8754522148519754 -1.0170343326171860
0 0770 0.0914406620852255 0.1054734493841219 -0.6646297340839966 0.7340172159860193 551979.0617874565068632 4182374.4335686690174043 -1.0919108542148024
0 0771 0.7658808370746727 0.5970928029089622 -0.1507044296125013 0.1849186388963771 552251.3613799777813256 4182419.4102607676759362 -1.1861934798071161
0 0772 0.7870033286377697 0.6151665581960948 -0.0366720944249606 0.0291723135991704 552325.2770388119388372 4182418.3664020388387144 -1.4677039474481717
0 0773 -0.2288597294144724 -0.1763749828035833 -0.5841564114139882 0.7584697599095837 552391.2278634642716497 4182444.6432046112604439 -1.1054579379269853
0 0776 -0.3741301757311521 -0.2989679900701278 -0.5544829566441529 0.6805831347542809 552145.9108587319497019 4182294.3089256789535284 -1.2917679642559960
0 0777 0.7418030487731595 0.5946251096712921 -0.1805232954968499 0.2521121884443634 552114.3640410338994116 4182300.7598390155471861 -0.1321958992630243
0 0779 0.6131154248339048 0.4212274235981107 0.3840040165366487 -0.5469898067819540 551986.6003185511799529 4182267.8489751801826060 -1.4819556921065669
0 0780 -0.2671761752372028 -0.2159684867381633 -0.5757460531588671 0.7419507978253236 551840.6190721841994673 4182245.6701047946698964 -1.1957424934953451
0 0785 0.2328642374126056 0.1885222656311407 -0.6120152679999478 0.7318954256111314 552558.3643424725160003 4182474.0941080455668271 -2.3586984548019245
0 0788 0.7134420813135194 0.6051238731482588 0.2410271689850846 -0.2583242121213555 551774.4535321947187185 4184427.4922885661944747 -1.1360736936912872
0 0789 0.6888785407934548 0.5989577454256848 0.2650036779404381 -0.3105946327722063 551564.0220733091700822 4184394.4238228965550661 -0.5901478126179427
0 0790 0.7692183724861678 0.6152407056711344 0.0896296440418349 -0.1474737143492011 551462.6865274272859097 4184377.5754341552965343 -1.2002520833630115
0 0794 0.7680757600789074 0.6379580530139904 -0.0394692303866938 0.0388758180169775 551339.2599650335032493 4184356.6472549219615757 -1.4402795071946457
0 0798 0.6765221881695473 0.5972047429985632 0.2857975449328282 -0.3224654821289804 551877.3111735768616199 4184656.2490128297358751 -1.1756065619410947
0 0800 0.6121061266111403 0.5309720305235593 0.3428293535526347 -0.4752502781792743 551299.3542707434389740 4184599.5103750466369092 -1.3780715434113517
0 0801 0.6952891503016283 0.6220374023966728 0.2500417414725399 -0.2590783568996435 551302.1482390456367284 4184672.3844484416767955 -1.0459327035932802
