# ["0 <image name> <1x4 quaternion> <1x3 camera position>"] x 467 images. 
0 0000 0.0874610526772185 0.0916514130211902 -0.6619822387710331 0.7387354724849097 553103.3007470362354070 4183099.1308449059724808 -1.2533887625418332
0 0001 -0.1518725246909331 -0.1548549581139341 -0.6409672405195780 0.7362850499448234 553051.8005676364991814 4183088.8292460441589355 -1.0137855111625143
0 0002 -0.1346654551646678 -0.1246322863452736 -0.6425676434469514 0.7439346960457445 553010.3819095839280635 4183081.6073244391009212 -1.0652611030185453
0 0004 -0.2361755574743404 -0.2218238067445935 -0.6446225253816460 0.6924428529370571 552951.7573191318660975 4183070.9615518450737000 -1.0555140649836705
0 0005 -0.1277854240959082 -0.1152537025300857 -0.6778343810611678 0.7147922924130889 552917.2917245744029060 4183065.8420151658356190 -1.0918454507978621
0 0007 -0.0358719020002816 -0.0416644368541290 -0.6779104345255309 0.7330857549495260 552788.4593227962031960 4183042.8621256952174008 -0.9161504393769223
0 0008 -0.0271582260759084 -0.0587823471328457 -0.6705275602531449 0.7390533521762340 552758.9758669401053339 4183038.7553745470941067 -1.1327842233202976
0 0009 -0.1923779287036364 -0.1959649475666447 -0.6566522019057625 0.7024217804177307 552663.6021515600150451 4183021.5265146773308516 -1.0153363209438455
0 0010 0.1157338698813747 0.1178291868145724 -0.6174095642748735 0.7691081744714513 552664.9188870596699417 4183016.1306009595282376 -0.1177214183815688
0 0011 -0.1180471044147839 -0.1149677429735352 -0.6599155972726541 0.7330475453141716 552613.6068319069454446 4183014.4736703350208700 -1.4333393063996347
0 0012 -0.2479784731781482 -0.2262368691420737 -0.6042717940335944 0.7226196474054992 552602.3371417463058606 4183011.5647039902396500 -1.0828875023507702
0 0014 -0.2306523688440710 -0.2043373648221710 -0.6057225279885026 0.7335843136077592 552442.9094708153279498 4182989.2827809075824916 -2.3030699025194794
0 0015 0.0774443658492627 0.0800720754211302 -0.6708490438456747 0.7331796459990571 552337.7574940468184650 4183070.9074391084723175 -1.1719139588607903
0 0017 0.3680092706658630 0.2551427199447579 -0.5361156097124316 0.7155776842424857 552410.7146453600144014 4183085.0775906261987984 -0.4334697730287059
0 0018 0.6982943559916808 0.5866357793898422 -0.2675784892500331 0.3108781221323015 552410.8618824336444959 4183085.2825189204886556 -0.0635889984770489
0 0019 0.2784696475757370 0.2515210889036741 -0.5935708888488912 0.7119447992133184 552492.0202443770831451 4183096.3614373169839382 -1.3480286298139008
0 0020 0.4228581266093141 0.3696022509095968 -0.5511328545417709 0.6171205410853203 552691.8747542516794056 4183130.2005491717718542 -1.0303332606940436
0 0026 0.6804686031593803 0.5642489245227450 0.2873645815230108 -0.3687915787749939 552810.8659289095085114 4183234.4087469219230115 -0.9684989518120117
0 0030 -0.3986876305592233 -0.3585728720748705 -0.5665291853452343 0.6257142724943358 552411.7655788229312748 4183171.1932672178372741 -0.8774201704854446
0 0031 -0.2739051731940800 -0.2360988666182380 -0.6123676795825309 0.7030214115249326 552281.7595244307303801 4183112.8471804941073060 -0.9591763618491215
0 0032 0.6666819568884420 0.5720295067557720 0.3031683936198932 -0.3693322690691005 552281.7395437810337171 4183111.9435585527680814 -1.0935999795032332
0 0033 -0.2772902410269080 -0.2371681139437334 -0.5746671531590288 0.7325428865794150 552291.3803360896417871 4183043.9478874015621841 -1.0376518990487922
0 0034 0.6326514999587197 0.5000247358222011 0.3478823753735338 -0.4782312990707354 552296.2904882101574913 4183017.9562431247904897 -0.8839899045418372
0 0035 -0.4230411932816001 -0.3412747418028455 -0.5157871519137395 0.6622170896784558 552296.5217939037829638 4183013.3439607270993292 -0.6767602645703310
0 0036 -0.4257133491632606 -0.3606712189038881 -0.5177976198580083 0.6485137189639285 552299.9960711419116706 4183002.3370364494621754 -1.1222650579231039
0 0037 -0.2684461564394748 -0.2091990095095751 -0.6046107601820321 0.7201515891124073 552303.0515269530005753 4182987.8403814304620028 -1.0338370881985364
0 0038 0.6447846442784441 0.5807293311049743 0.3177893504960086 -0.3821205227089967 552303.1420810928102583 4182988.3032542713917792 -1.0404855055219353
0 0041 0.6957396017597041 0.5593432378640003 -0.2890792802170223 0.3457090084858551 552424.6033481725025922 4182984.2588244844228029 -0.2356489538141666
0 0044 0.7677614970425091 0.6183813182523838 -0.1255284353862249 0.1113078649735750 552501.3112818583613262 4182977.8634934267029166 -0.6973633003031523
0 0045 0.7538726235035783 0.6301762448548354 -0.1357713615818492 0.1269649767719482 552539.9698207288747653 4182983.1266549075953662 -0.1379370650774057
0 0046 0.8279362425957266 0.5595239735781602 -0.0373921354336820 0.0075052911659302 552698.4143940078793094 4183011.1885676970705390 -1.0650417550418565
0 0048 0.7805325488004892 0.5726755360460090 -0.1618472434215281 0.1913562260730289 552719.0254330995958298 4183012.0257170996628702 -1.0566453803035123
0 0049 0.4952198290799605 0.2909518114796433 -0.4600171762756926 0.6771178345118870 552717.2036790666170418 4183013.8387511200271547 -0.9229709488289435
0 0050 0.4053007968524702 0.2945618147300423 -0.5498871789927823 0.6682729453721854 552722.3523319318192080 4183010.5187161872163415 -1.0312029808447754
0 0051 0.7591998460701407 0.6475651555769342 0.0015005544916756 0.0653659800348262 552830.7487462484277785 4182900.4707877500914037 22.1490281937957860
0 0052 0.7193322568384420 0.5288088586345814 0.2548592250612450 -0.3714418806522584 552848.2591110417852178 4183035.4849666059017181 -0.8404480905781727
0 0053 0.7452404253756451 0.6075041223763201 -0.1911894037157237 0.1974893961419966 552849.1990834494354203 4183035.6047100224532187 -0.8752828845965271
0 0054 0.7862400597866009 0.6148366476796682 0.0529161815631077 -0.0316597976236419 552891.0600682109361514 4183040.2310311784967780 -1.5587700859695128
0 0055 0.7478767454532274 0.6273232234747294 -0.1545971739132493 0.1524652770882606 552894.2228208624292165 4183042.9817146654240787 -0.6063756898071093
0 0056 0.7748920940258311 0.6314193339718825 -0.0238964699006756 -0.0167578646925147 552916.6732841974589974 4183046.4731169398874044 -0.9527479846744056
0 0059 0.6762742158755477 0.5528726762494488 0.2979856913245560 -0.3849539207725475 552949.7063235454261303 4183052.4067452340386808 -0.7963030760227304
0 0062 0.7785823400001010 0.6243524541886332 0.0306517800442993 -0.0552631990452399 553100.7651563045801595 4183076.2584804138168693 -1.2232900410003136
0 0063 0.7408908550460567 0.6120747965892460 -0.1921567326691904 0.1987988289182240 553102.0968423429876566 4183077.2600055327638984 -0.9848720658519322
0 0067 0.7506347942007943 0.6150233199432767 -0.1674941812740212 0.1738948558768381 552696.1835088193183765 4183619.6488435072824359 0.9041057612445880
0 0068 0.3666422131375079 0.3265670116563996 -0.5809481760721722 0.6491738528020486 552737.7793980463175103 4183539.8271380630321801 -1.4007720933930778
0 0072 0.6985974020336746 0.6320661579330995 0.2271990429961221 -0.2466467853614493 552457.5543583701364696 4183480.9839003174565732 -1.1079994325872378
0 0073 0.7278375489831288 0.6244480614776350 0.1912218529854342 -0.2091681709722400 552426.1577771422453225 4183474.3650050470605493 -1.2135321844891755
0 0076 0.7815460038131671 0.5786151232058094 0.1468113733375938 -0.1812092817157131 552273.9515288538532332 4183448.7836466296575963 -1.1135766732094023
0 0077 0.6776876451012936 0.6418633735219916 -0.2595957050939949 0.2477113951855730 552217.0787012017099187 4183440.1098062084056437 -0.6838112497774426
0 0078 0.7538954729803681 0.6257325440796678 0.1258130909642611 -0.1557930286873433 552174.6162456014426425 4183435.1559130549430847 -0.6537718837947979
0 0079 0.6944130798778223 0.7085856936982440 -0.1012829606506877 0.0737465325463292 552115.1834337855689228 4183422.0517808906733990 -0.3816358526667176
0 0080 0.7272926871239725 0.5868812894830763 0.2234774081260216 -0.2768998869049037 552115.3022779359016567 4183425.4705554721876979 -2.5870655579217257
0 0082 0.7372252485312171 0.6002363895022863 0.1976743239448708 -0.2390398947838691 551973.5378804401261732 4183405.3592742979526520 -1.0693069872943954
0 0084 -0.1832671652156099 -0.1498828450397862 -0.6079702731510607 0.7578393140245749 551916.0467771758558229 4183403.9302221657708287 -2.5128096999677765
0 0085 0.3140749520168157 0.3052018971390549 -0.6269835001840711 0.6442828703258281 551917.5546480170451105 4183403.5036532506346703 0.0840282215222435
0 0086 0.0845151359945338 0.0876222010102458 -0.6219638351318096 0.7735247459677284 551854.0650057086022571 4183293.9138229340314865 -0.0840811347088445
0 0088 0.2898594702276689 0.2876229309218385 -0.6129296783113517 0.6764404970042338 551914.4229365622159094 4183301.5425308016128838 -0.4674541016651039
0 0089 0.2270786398675288 0.2035292866747421 -0.6266858540999425 0.7171303663921152 551962.0142377276206389 4183308.5697182724252343 -0.8968570494604854
0 0090 0.6961620262141132 0.6832530839814845 -0.1581968532863171 0.1532886561280988 552038.9397136948537081 4183312.0124736684374511 -2.1809109202663328
0 0091 0.6959155929342860 0.6178619139316351 -0.2327646225081971 0.2824336618257009 552090.3282869649119675 4183320.3457861365750432 -0.7810382107453090
0 0092 0.6592775922089069 0.5772739406865587 0.3200853884572027 -0.3600740461716331 552103.9307407469023019 4183321.4365371670573950 -1.4021684667475320
0 0093 0.7167469240109081 0.6661746703369122 -0.1397539645105909 0.1515057257201208 552146.2791146732633933 4183327.9696582737378776 -2.1031585462810960
0 0094 0.7256675692497938 0.6078937911644531 -0.2039691874008408 0.2495361460667467 552234.6087764805415645 4183344.0151069215498865 -0.8124817682244999
0 0095 0.7629893871722229 0.5895799987857029 -0.1641169386287492 0.2081063443279271 552264.6190976169891655 4183348.1738535049371421 -0.5557990563585685
0 0096 0.7098013170891666 0.6426760381713644 -0.2028746534527187 0.2049182158942502 552325.1151284637162462 4183357.4854031959548593 -1.2190848945700810
0 0099 0.8181762112117775 0.5726256904572489 0.0190673330790677 -0.0482072903693158 552469.7118710019858554 4183381.3995638079941273 -1.0337645349334204
0 0101 0.6876645621639479 0.5183228447341457 0.3122676508170614 -0.4011829916930206 552526.0490636155009270 4183390.6746712075546384 -0.8108745896994526
0 0102 0.7439495566131493 0.6550029082009821 0.0963157914770495 -0.0907387225802963 552553.7474038290092722 4183399.4570825514383614 -0.4128503154094929
0 0103 0.3140153870681474 0.2108760406297282 -0.4987049370652537 0.7798839772168115 552565.5150771257467568 4183409.3393512810580432 -3.9210447219834692
0 0105 0.7203586881330190 0.5851871437511860 -0.2303155282129213 0.2925647358852531 552653.5431042177369818 4183411.9867525133304298 -1.3000754548000066
0 0108 0.7851247198084267 0.6183672966083653 0.0180819846383747 -0.0295652272532987 552754.1866186336847022 4183323.8613008023239672 -0.7947296441905869
0 0113 0.7824970665124213 0.6132942875435043 0.0676736560939619 -0.0835987382500850 552303.7234260535333306 4183254.8424760592170060 -0.8783390047070370
0 0114 0.7840929148539587 0.5423214337105179 0.1791259753557862 -0.2428984312967053 552211.1027620576787740 4183240.2663665916770697 -1.2555160546808664
0 0115 0.2813926951609884 0.2394550580973578 -0.5820070018254581 0.7243944639443659 552132.5065352057572454 4183245.1895902315154672 -4.0510612380427284
0 0116 0.6719681731546537 0.5487139597488812 0.3078689725000284 -0.3906257293313857 552121.7589637609198689 4183224.7037094491533935 -1.5764292765105099
0 0117 0.7802883059064181 0.6099114157581859 -0.0960779527426735 0.0996355939928817 552122.2077525013592094 4183225.1828801534138620 -0.2846607986996017
0 0118 0.7590282809014225 0.5404171284128932 0.2163039392154057 -0.2916127603341318 552065.7549037636490539 4183215.7339982292614877 1.8708804778215127
0 0121 0.6554584710976102 0.5705462399821236 0.3185777517189848 -0.3786283095838467 551978.7132834091316909 4183200.3703561993315816 -1.2298124278019669
0 0122 0.2186891903425300 0.2052283068000708 -0.6363454250952320 0.7107185660130690 551843.8311707015382126 4183498.1962401759810746 -0.5094285237088974
0 0123 -0.0437865931286130 -0.0417035260291187 -0.6627054296180631 0.7464349025425234 552055.0054182930616662 4183535.9888255335390568 -1.3906520260805812
0 0124 0.1779095798693478 0.1835656027394347 -0.6375350290711314 0.7267743374589475 552116.4984457085374743 4183543.8951459140516818 -1.9712070046184018
0 0125 0.0279259965360151 0.0427037336406469 -0.6581115629635357 0.7511895237184231 552182.5347413243725896 4183554.7806975939311087 -1.2785227325759987
0 0126 0.7603995390414635 0.6416892367600648 -0.0695030235494693 0.0720887936457344 552353.4507459680316970 4183564.7391122728586197 -1.2396993097544227
0 0127 0.6464246842556403 0.5594986433251306 0.3434750656790864 -0.3887431992447992 552352.7035815072013065 4183564.6934804632328451 -1.2836842767739558
0 0128 0.7832893557846771 0.6120526479235753 -0.0686965114331483 0.0844401006695328 552384.7854994760127738 4183568.0245339549146593 -1.1410358185830261
0 0129 0.4840747994496165 0.4510452516412382 -0.5073532146591135 0.5521073130151141 552475.9075455092824996 4183584.5859191520139575 -0.6267671226402317
0 0130 0.6879541708908973 0.6359252777039155 -0.2429000196785428 0.2516300466382732 552475.6891354857943952 4183585.2315008374862373 -0.7743546575529494
0 0131 0.7068244394184185 0.6377318050540302 0.2141687324678330 -0.2186986764025239 552475.0232785954140127 4183585.3973222929053009 -1.1868973095179045
0 0133 0.7183692306213034 0.6931051371264892 -0.0509767520255733 0.0308591661966185 552640.7007876965217292 4183610.7434095605276525 -1.4866238157171474
0 0134 0.4320738116430147 0.3382609170019995 -0.5327790948277803 0.6442345919272996 553334.2861082401359454 4183332.7344600344076753 -0.3529889708679297
0 0135 0.4405636392326482 0.3099583270692517 -0.5241859220745759 0.6595897452802449 553322.1271192627027631 4183331.9579514167271554 -1.8653012508603524
0 0152 0.7452882828664708 0.6504147588317991 -0.0943546180141523 0.1122640769575189 552946.7459842190146446 4183853.7917450736276805 -0.9969374239100401
0 0153 0.4812423734333691 0.3827266301509876 -0.5251394627074379 0.5883490879510482 552935.1498278388753533 4183874.1284804106689990 -1.0208937254342871
0 0154 0.4967363847363062 0.4503870211985023 -0.5044985896637310 0.5439537372262004 552908.4145325266290456 4183887.2750595966354012 -0.4853121359386414
0 0155 0.6261556111525043 0.5621010854053718 -0.3718193804530371 0.3920738052049085 552908.2356643608072773 4183887.3817870705388486 -0.5919551661394602
0 0156 0.7052972730024325 0.6616691757962097 -0.1721131192947185 0.1874212705728427 552889.3364335610531271 4183934.1513824183493853 -0.8597399820884336
0 0157 0.7073215395574249 0.6025377070040733 -0.2399245936875710 0.2812129809597024 552874.9181159186409786 4183958.4120111027732491 -0.4817338711161971
0 0158 0.5215057733659320 0.4579518240260872 -0.4910841006625585 0.5264487261772287 552874.0454429095843807 4183961.3941519558429718 -0.9672360147457373
0 0159 0.6784431302421842 0.5545656322930138 -0.3144267084706646 0.3651133022870304 552864.3713825992308557 4183968.4587622196413577 -1.2733203713437409
0 0160 0.5934521725437192 0.4685634898155551 -0.4164490705943539 0.5048098122224911 552737.9076749208616093 4184129.6496643205173314 -0.7229309023567827
0 0161 0.7585091967663753 0.6516045575908374 0.0082328995810093 0.0027419540780427 552716.0210889817681164 4184179.5208872179500759 -0.8784264952783680
0 0166 0.7679677511554684 0.6404005800359760 -0.0047675726258875 0.0094864347191865 552538.8004345403751358 4184354.1333519741892815 -1.2098401463036013
0 0170 0.5799097968542032 0.4603077894850715 -0.4476598224796181 0.5014200332948423 552368.7761345306644216 4184515.0359073509462178 -0.8407243539449485
0 0171 0.6031321125455346 0.4618977665991339 -0.4335171460469424 0.4847112461150519 552363.0795886809937656 4184516.1533006564714015 -0.7660443181164684
0 0172 0.7718074755035192 0.6352043074143008 0.0226969731031602 -0.0177075128450416 552343.0832385614048690 4184527.6640320592559874 -0.8325731451209079
0 0173 0.7618553245190688 0.5756191814907147 -0.1853627861982378 0.2321199256736275 552335.9236752487486228 4184532.6576280966401100 -0.7530161285396852
0 0174 0.6091814524400154 0.4646861448668801 -0.4182850901202494 0.4878548228263456 552327.9158684175927192 4184539.0710390699096024 -0.9520611626809861
0 0177 0.6048612613439573 0.5577199920553546 -0.3886925789254019 0.4147400921968991 552209.0523304138332605 4184571.0800265991128981 -1.0156099127985905
0 0178 0.6930003541379538 0.6108053327929660 -0.2507188482164024 0.2894951014186342 552235.8931847068015486 4184555.8331867940723896 -0.3317548466311926
0 0179 0.6956403702640398 0.6461753973165023 -0.2149481128260687 0.2287774900515378 552313.9594823394436389 4184505.2086696773767471 -0.9788659950105589
0 0181 0.6990329909099504 0.6411141080379642 -0.2228456870880951 0.2250897106497972 552352.6791758168255910 4184479.5157825043424964 -1.3190446832454505
0 0183 0.6964839865795719 0.5941750959485754 -0.2651869450081981 0.3025589132548351 552406.7474248727085069 4184435.6034135585650802 -0.9398908689376498
0 0186 0.6297789107560148 0.5383205062336894 -0.3689282136040034 0.4212855674506674 552714.6336558988550678 4184119.0263228681869805 -1.2391520142326100
0 0188 0.5858086229924837 0.5642001451668760 -0.4088095501898275 0.4139821418827017 552827.9539763591019437 4183948.4947775243781507 -0.4670892892584201
0 0189 0.5939810041303933 0.5366576365646454 -0.4021338871425371 0.4443798877770369 552890.6850797703955323 4183872.3554120669141412 -0.3345352755788177
0 0196 -0.1750530381330569 -0.1290512382524527 -0.5931418658779639 0.7751676860166242 553345.3399118449306116 4183208.4290398000739515 0.3603763131499209
0 0197 -0.2628743796678177 -0.2179473935506542 -0.5840410675614902 0.7364048004930667 553364.1951001236448064 4183192.1820477214641869 0.5243380914832658
0 0198 -0.1081995472457026 -0.0812117870765532 -0.6144730675345687 0.7772517956502466 553378.6475335108116269 4183174.1813321653753519 -0.5675799330260283
0 0203 -0.2461919953657411 -0.1627857365271259 -0.5662921361116076 0.7695476086502436 553437.9529350779484957 4183194.4569122288376093 -1.1093304470214809
0 0206 0.7724169475284244 0.6331805662272604 0.0326799192085100 -0.0372350990803377 553410.7504384591011330 4183230.5030515631660819 -1.1310892097529337
0 0207 0.6942057746005620 0.5535266709557444 -0.2980977643856924 0.3504629707415946 553354.1274511676747352 4183267.9944862560369074 -0.7922188521250022
0 0209 0.7514856231596005 0.4858261872704634 -0.2469706809422761 0.3718168321923846 553344.5294357568491250 4183258.6473303874954581 -0.6303907193959849
0 0225 0.7373144682543177 0.6677838781265795 -0.0733613931745880 0.0710645692913281 552946.8728106912458315 4183853.9655231772921979 -1.0221434710565667
0 0226 0.8039303279739906 0.5936467138428180 -0.0291142963242673 0.0207837594481413 552935.2227212461875752 4183870.8811108530499041 -1.1211433017445172
0 0227 0.5000043566146848 0.4101366765768508 -0.5142296139310727 0.5633395548415990 552934.9092262062476948 4183874.2479389510117471 -1.0227702480894676
0 0228 0.6419031765914994 0.5555903870496058 -0.3488875820603086 0.3969346152503245 552908.2918721081223339 4183887.3456693096086383 -0.6741949325321719
0 0229 0.6971986606344419 0.6556675944047372 -0.2037996596040364 0.2061061183039554 552887.6062462439294904 4183939.6825475702062249 -1.0466202931840256
0 0230 0.7216128309375111 0.6121553427400885 -0.2094830212236735 0.2462876821932381 552875.9810685279080644 4183956.2568778996355832 -0.7423705813689536
0 0232 0.6214726889456587 0.4804878397596993 -0.3958712865901969 0.4755933737880843 552738.0166999448556453 4184129.6699955253861845 -0.8682068615860985
0 0233 0.7759588382869810 0.6256887146818514 0.0537620819531257 -0.0592549757248882 552715.6067386383656412 4184180.2619834244251251 -0.9736017521725825
0 0238 0.7691091631529557 0.6374140066198292 -0.0222812339276573 0.0409637148422561 552385.7816453637788072 4184503.7535363230854273 -1.2639197832508302
0 0239 0.6252359359547640 0.4755022891980686 -0.4124504088966125 0.4613699790397982 552368.7004556008614600 4184514.9953377293422818 -0.8254986666417553
0 0240 0.6056401794644042 0.4677125083301334 -0.4302235689317750 0.4789077816296843 552363.2869832309661433 4184516.0772229796275496 -0.9053201084790997
0 0241 0.7665142974253214 0.6406497448877289 0.0355477608690583 -0.0275697826442314 552342.9394072693539783 4184527.5857863947749138 -0.7605469956358470
0 0242 0.7764864892020134 0.5781376854399717 -0.1498121829231524 0.2009523789574133 552335.6549520273692906 4184531.7365043531171978 -1.2129583763361758
0 0243 0.6202907457699215 0.4783793785771890 -0.4138948836461463 0.4637710492860028 552327.8236626939615235 4184539.0344850989058614 -0.8787540629908496
0 0245 0.7623373265431527 0.6465628414266186 0.0211264160114363 -0.0187608557202558 552273.1455162276979536 4184554.9599323887377977 -0.8135916917364706
0 0246 0.6452107834977151 0.5970198282387930 -0.3289956185320711 0.3450105119523749 552273.7269145234022290 4184555.0976447318680584 -0.8460478830463680
0 0249 0.3097906759976474 0.2368718134788372 -0.5643799073699455 0.7275965915988551 551890.2843466633930802 4184658.6084745833650231 -0.7130970583366029
0 0250 0.7104623379569964 0.6412582210442033 -0.1939823059579565 0.2154112932581206 552313.9576266517397016 4184505.2248111353255808 -0.8776827597097645
0 0251 0.6721402374656708 0.6257569457455616 -0.2724567200623306 0.2870942035702824 552330.4818127017933875 4184494.1907840343192220 -0.9478292470257976
0 0252 0.7051586035578329 0.6221132895715722 -0.2244512017759554 0.2556326598620243 552353.9849248818354681 4184480.5081752021797001 -0.9746747506274257
0 0253 0.7340828724286204 0.6789633962900435 0.0022154827988304 -0.0112309635028851 552375.3979888265021145 4184467.0630811308510602 -0.7246933441438173
0 0254 0.6647447907017533 0.6187698275118251 -0.2905074735187277 0.3014028394452083 552406.3621168590616435 4184435.6323469514027238 -1.0745020748718874
0 0256 0.1202773212684261 0.0822706297965538 -0.5867861581915044 0.7965217564720104 552598.7630185903981328 4184264.1334971138276160 -1.0715634209659948
0 0258 0.6098865504079698 0.5531203619796857 -0.3909248836345631 0.4114292113873593 552713.1018988827709109 4184117.3755848091095686 -1.0353899723948128
0 0260 0.6450413646964659 0.5464355924948187 -0.3583972943003367 0.3960822648434987 552928.1838984675705433 4183761.9411119320429862 -8.8287157406839789
0 0267 0.5438049466255243 0.4695639482824408 -0.4595728532668488 0.5220906715740146 553254.8107501626946032 4183338.1100015863776207 -1.5842591100670318
0 0268 0.6233384288529712 0.4690886972903821 -0.3984886956823392 0.4822984103259201 553273.8842887125210837 4183307.7538677621632814 -2.3348454278412447
0 0269 0.6432879239596997 0.5156173909441092 -0.3629283139283047 0.4342837689722784 553310.8992744501447305 4183243.7954322434961796 -0.7162321741386755
0 0270 0.7305574224257666 0.5901188959571663 -0.2085921486473583 0.2730107263379835 553328.8069753524614498 4183222.1349758435972035 -1.0083644458211221
0 0271 -0.1841570737111326 -0.1563981567943039 -0.5990885105686516 0.7633601674557897 553348.3066258153412491 4183210.0507522542029619 0.4306827002509785
0 0272 -0.2706224641676674 -0.2249744703349289 -0.5708200361135602 0.7418318252025063 553376.9246763321571052 4183207.5123305674642324 -7.8631540260709336
0 0273 -0.0809642406523358 -0.0691995526579101 -0.6092463484821226 0.7857958424691635 553377.7575952118495479 4183170.8626841227523983 -3.0637334627967081
0 0275 -0.0599358135567398 -0.0209044286398838 -0.5974410100647753 0.7993966115823313 553063.3212117907823995 4182981.3048592926934361 -1.1466163062640837
0 0276 -0.1065270782121505 -0.0711629981677325 -0.5975543128737533 0.7915280490704915 552992.3913604073459283 4182903.5822707386687398 -1.1328077387135251
0 0278 -0.4722921425314080 -0.3746037735976022 -0.4873156107955934 0.6317718284337828 552973.6753510093549266 4182887.5753193423151970 -0.6046661169055680
0 0285 0.7487005496591185 0.6355571984895881 0.1188404596223235 -0.1462583468747620 552900.9318172701168805 4182814.6951599176973104 -0.9438686801970951
0 0287 0.6522585237642802 0.5232015474626873 0.3315851197731113 -0.4368870188670554 552899.7337367000291124 4182814.2062712851911783 -1.1950529737600972
0 0291 0.6228208679710123 0.5135217586035161 -0.3563144858000586 0.4705631605568725 552872.7854209252400324 4182785.5282543362118304 -1.1584036561997357
0 0295 -0.3380162842084899 -0.2686961402144249 -0.5441063569020838 0.7193717349441711 552806.7878024430247024 4182724.2026089332066476 -1.0821996125440094
0 0296 0.6202447406782902 0.4958268669290724 0.3718486950602800 -0.4808125819336710 552788.0906703856308013 4182720.5579580264165998 -0.4775386265714027
0 0297 -0.0098545940342442 0.0013899756876024 -0.6120482538810379 0.7907577946913839 552786.8981506834970787 4182720.6803673962131143 -1.0863116392469865
0 0301 0.0139784698585252 0.0262380767590898 -0.5956010975321877 0.8027300320500506 552788.6018974183825776 4182692.8740776632912457 -0.0124819701227106
0 0303 0.6576908445706907 0.4670178840200505 0.3697095793342764 -0.4611419260073830 552789.8239387829089537 4182676.6332210549153388 -0.7789103699392831
0 0306 0.7742327573208743 0.6086244672149951 -0.1122616286637768 0.1324281772446324 552770.7550083380192518 4182705.1191215920262039 -0.9261303161540511
0 0308 0.2079339846733218 0.1905496511463127 -0.5603066016006426 0.7787880332084154 552744.5617641962599009 4182714.8660346223041415 -2.6202070281137568
0 0309 -0.3540035972561799 -0.1704472894394149 -0.5447489815904899 0.7408628224634873 552738.8829332558671013 4182712.9351494810543954 -1.3152241543088521
0 0310 -0.0014983934830903 0.0440711485999194 -0.6114502730785965 0.7900531958230177 552728.7949430234730244 4182711.6945227147080004 -1.0457357736773090
0 0311 -0.1320643386536055 -0.1038048168006871 -0.6346838433655189 0.7542943652419359 552713.8125258836662397 4182708.0958238062448800 -1.0863468088171895
0 0321 0.7161457288511327 0.5539183277666836 0.2653805508481117 -0.3314859641734377 552548.0407050680369139 4182669.0117178144864738 -1.7988263217182445
0 0322 0.6690872255825935 0.5047820312185600 0.3300520130426163 -0.4342615044043956 552546.5492866990389302 4182666.2826126189902425 -1.8654004325046654
0 0324 -0.2722413937917191 -0.1741931581054614 -0.5836201749202554 0.7449354727770978 552532.3790340207051486 4182677.1692840852774680 -1.4882869228125810
0 0325 0.2362937136949673 0.2094420060086546 -0.5900541785285226 0.7430581359411537 552504.8497252220986411 4182672.5498441630043089 -0.8634672446770267
0 0327 0.7929854474003593 0.5977217369711296 -0.0662748277304177 0.0975218303489169 552499.5379558647982776 4182656.8535105139017105 -1.4538226055888515
0 0328 0.7196455480258540 0.5256050044082685 0.2776420189499404 -0.3588378099656628 552497.4274471641983837 4182655.7549434998072684 -0.6772152245587401
0 0329 0.8122280017899758 0.5786595791611318 -0.0472457071853719 0.0566267124868856 552498.5189764973474666 4182656.3582292222417891 -1.8246899626071393
0 0330 0.7069352656548921 0.5819519873223697 -0.2550911208398332 0.3106492148608604 552473.5116641549393535 4182656.0840536528266966 -0.7767703435002352
0 0334 0.7278197434181599 0.5800890767177583 0.2353554902783898 -0.2799694221862117 552408.1095316831488162 4182643.9813280384987593 -0.9866917486536734
0 0336 0.7517270811716987 0.6265295804478476 0.1071863188030797 -0.1757218635183652 552396.4191878474084660 4182643.7004361096769571 -1.2383931585947843
0 0337 0.3670605225650554 0.3215530642351547 -0.5524752706382799 0.6757523769757753 552395.8097569661913440 4182654.9039348294027150 -0.6394058792179189
0 0338 -0.1699867877045298 -0.1486791179301787 -0.5931511182952989 0.7727682464765459 552395.3817875704262406 4182655.2121441261842847 -1.4752964415630523
0 0339 -0.1282020905734667 -0.0615944442788760 -0.5784512473825036 0.8032213286561773 552380.3214328523026779 4182652.4036471149884164 -1.6763985126046619
0 0340 0.6323525884979480 0.4865141976981951 0.3565382630410314 -0.4861220075718758 552362.5425714820157737 4182649.1927573634311557 -0.9585462421414291
0 0341 -0.2300302075062523 -0.1851139376758955 -0.6090592449664733 0.7361153237323785 552357.3387551357736811 4182650.2395407133735716 -1.2796405318389903
0 0342 0.2348719517206663 0.1927825544299622 -0.5977195956568248 0.7418904001265298 552357.6078177613671869 4182649.3210706897079945 -1.3090089674212766
0 0343 0.3537664470188240 0.3130871673986953 -0.5598396620003071 0.6807387747332460 552360.5752655467949808 4182648.3538227253593504 -0.9223180080109022
0 0345 0.7239566234262835 0.5594142041008641 0.2305922093280592 -0.3313152405860851 552361.3938080694060773 4182635.0652317609637976 -0.8858497142912557
0 0349 0.4843550817151587 0.3960967167671720 -0.5074174065740182 0.5924821695955637 552345.6743367481976748 4182632.0498203122988343 -0.6645258755798109
0 0350 0.7474477234114626 0.6162959538350802 -0.1663331417642344 0.1839415233283928 552340.5738262291997671 4182631.7548611327074468 -1.1354119941191185
0 0351 0.7262042502084989 0.6652005888938701 0.0927753062715965 -0.1467252741029024 552321.3784097813768312 4182628.2186480378732085 -0.1905335380709343
0 0352 0.7199619819729365 0.5842594130961907 -0.2253942889975063 0.2991539690684457 552294.0292798499576747 4182624.8287926004268229 -3.2780315339018760
0 0357 0.0722701823137284 0.0684607894824610 -0.6481577896556552 0.7549712714802294 552226.5439035193994641 4182637.9396697231568396 -2.3464706506615389
0 0360 -0.2945768792055465 -0.2345732996773282 -0.6240529077169407 0.6846588914824978 552187.4164891822729260 4182620.8271706984378397 -2.4802359951282722
0 0361 -0.0999883139894739 -0.0625178107877566 -0.6233105013242938 0.7730316160020275 552168.0543555648764595 4182618.9050194616429508 -1.9556007491269507
0 0363 -0.1954253777402177 -0.1534260766226690 -0.6200222293984186 0.7442054795545936 552161.9981077534612268 4182610.3261712081730366 0.5975044275699744
0 0364 0.1419693332464236 0.1316483511105736 -0.5709807347086108 0.7978060044014761 552134.5871572749456391 4182612.1472492660395801 0.1436210895327712
0 0366 0.7526013381168204 0.6029920109527981 0.1831153290062026 -0.1909466859487803 552095.6888324747560546 4182591.4906630730256438 -1.1826515751372160
0 0367 0.6700453530714385 0.5214775096554056 0.3297891970623537 -0.4127220823410538 552084.3776527837617323 4182589.2190730487927794 -1.6324494274425010
0 0368 -0.3521554492602268 -0.2759738517041919 -0.5669344632809704 0.6916721083415404 552081.6941223446046934 4182589.0080527653917670 -0.9809405081253102
0 0369 0.7690475145819974 0.6265767490946026 -0.0736242659592469 0.1026984190299635 552080.0455690708477050 4182587.6481508989818394 -1.1093824440963058
0 0371 -0.2498606194032489 -0.1877250206287989 -0.5800316904379443 0.7522580844291689 552076.5516217655967921 4182605.9476452823728323 -1.4636140269814266
0 0375 0.0671221638552876 0.0671750733406161 -0.6280312630003001 0.7723722271905656 552049.6825038462411612 4182596.7728406046517193 0.2061764453112919
0 0376 -0.1722525624552639 -0.1239656632952246 -0.6063185587727294 0.7663806980470808 552028.8040068412665278 4182595.2462587258778512 -0.2781595176908271
0 0377 -0.2341940456656795 -0.1482960972751665 -0.6020210081736441 0.7488204873167436 552009.2915470055304468 4182592.5747124082408845 0.1692769735663809
0 0378 -0.3540265762929950 -0.2277999752234648 -0.5626693770007953 0.7114601371489381 551992.1145618858281523 4182585.5531434779986739 2.0865158032638771
0 0380 0.8027011580472372 0.5905333733802488 0.0188596646463409 -0.0811510865188861 551989.8172198340762407 4182573.6058587995357811 0.1317065487957520
0 0382 0.7593748452257336 0.6113997175118532 -0.1362664101191307 0.1759877704218802 551951.1191624383209273 4182565.9027846064418554 -2.1805469534675423
0 0383 -0.3820250170637083 -0.3014783449063012 -0.5529693477780017 0.6763080634071296 551934.4042192377382889 4182565.5671626282855868 -0.0370056704741857
0 0385 -0.4063333702210210 -0.2555401634089664 -0.5339323320398626 0.6960665786634346 551935.2242556004785001 4182563.0933251245878637 -0.9774391226275172
0 0386 -0.2754903652462865 -0.1558334255197504 -0.5495551173899268 0.7731818512470349 551932.4366972224088386 4182580.8458774685859680 -0.9278715464905908
0 0387 0.2559674713472987 0.2069523832516985 -0.5956122399588936 0.7327328882466474 551928.2493778313510120 4182583.7453891807235777 -1.5680892080120128
0 0388 0.3514586213735406 0.3254227649136379 -0.5507252265214666 0.6835777837313417 551915.8008674141019583 4182577.2412948766723275 -2.0159346855591163
0 0392 -0.0928321178026539 -0.0721101405749183 -0.6420328534407157 0.7576121088462697 551935.9828813822241500 4182482.6099719069898129 -2.4880745641282558
0 0394 0.6963042309003978 0.5121266497761566 -0.2908267369089330 0.4102517954130036 551935.8264460093341768 4182473.7337730466388166 -1.0356825225155826
0 0400 0.7810489884333384 0.6243991554345477 0.0008520509246568 -0.0093512306893344 552046.5030522022861987 4182478.9580116644501686 -0.9751319576281501
0 0401 0.7416556395940529 0.5744772128221303 -0.2066218866708844 0.2779034290119627 552070.7257599041331559 4182479.2202092409133911 -1.3024583504997616
0 0402 0.7407209549654034 0.5348340628661457 0.2568801585756523 -0.3151152120221313 552078.2939751659287140 4182483.4768789284862578 -1.5614120796976156
0 0403 0.7379689149356705 0.5978592751324699 -0.2008568217381720 0.2400473128571038 552082.9430831491481513 4182480.9693151516839862 -1.1612466991833965
0 0407 0.5718096139657169 0.4359937626557188 0.4232686049090656 -0.5511688871303640 552096.4306154769146815 4182501.5014319233596325 -1.4508427355242886
0 0413 0.6819104019271066 0.5659171818408500 0.2901249424963256 -0.3613356723118288 552237.6196724807377905 4182502.9485334530472755 -0.9272834213490146
0 0415 0.6533224741160077 0.5195792998725763 0.3409348401275936 -0.4324008584138727 552237.0083599007921293 4182508.6956066549755633 -0.7967964628502218
0 0417 0.7784237324793155 0.6128835617427020 -0.0674957621568061 0.1177902990463245 552023.7822190459119156 4182684.2228692099452019 -1.8170820021755214
0 0418 0.7945654428432526 0.5917555653807344 -0.0562000275754365 0.1238251379193805 552002.6998034075368196 4182680.8775477129966021 -1.8107491128832454
0 0419 0.7146749987566688 0.5131806610502899 0.3237992721221237 -0.3479070086234620 551948.6476418575039133 4182670.9834142816253006 -0.8893000752768006
0 0421 -0.4887242093413970 -0.3083082262462536 -0.4917676147231882 0.6513519002962659 551919.2196443615248427 4182667.1891825641505420 -0.5620686035158931
0 0422 0.8058161695125767 0.5897541163993386 -0.0304772387583661 0.0438351578048833 551917.5878283093916252 4182666.2574302670545876 -0.8289678734607305
0 0423 -0.2290625438446695 -0.1619674872270275 -0.6023041154926411 0.7473463383711827 551915.2858413844369352 4182684.7100162012502551 -1.5827068369629957
0 0424 0.2320373998164384 0.1837824701730333 -0.5908250516897601 0.7505387445290995 551913.0525160053512082 4182684.8369591706432402 -1.2140099736310017
0 0425 0.2959254361389990 0.2064771448604728 -0.5791370956081954 0.7310236312094942 551934.1998037928715348 4182685.6522428598254919 -0.4195018030132986
0 0426 0.4035007002423969 0.3458448393929312 -0.5061541644703482 0.6792543660209308 551948.6414970882469788 4182687.3306171204894781 -0.3417114104589026
0 0427 0.3719742380999386 0.3068333032610965 -0.5390040921521759 0.6906251362664574 551962.8754837322048843 4182690.6415806645527482 -0.7239869770622778
0 0428 0.3717211682308747 0.3205708037217742 -0.5254284204592437 0.6949695733368144 551973.6756568534765393 4182693.4335370701737702 -0.6348275956179648
0 0429 -0.2566741895650093 -0.1642200937203667 -0.5860623569052640 0.7507869438451010 551988.2370351272402331 4182695.4030273905955255 -1.0443346219319125
0 0430 -0.1729236238052165 -0.0771251198938432 -0.6057415081610109 0.7728042193869390 552007.3352628698339686 4182697.7317109755240381 -0.9191911999327271
0 0431 0.2572403477896046 0.1992834712557496 -0.5533416668843852 0.7667636540961967 552043.2378562930971384 4182706.8029177323915064 -1.5310827677008054
0 0432 0.3832533106999896 0.2980085481667251 -0.5377334117038980 0.6893116733338730 552052.3738387787016109 4182708.1727258930914104 -2.0075558220268293
0 0433 0.5104269287656673 0.1906457319933499 -0.3897910116479142 0.7424160036677981 552101.0268501190003008 4182707.9626937750726938 13.2957702582057280
0 0434 0.2914945887478312 0.2408459230453739 -0.5452678113047773 0.7481357898390187 552124.2785890137311071 4182717.5853207176551223 -1.7932024358140488
0 0435 -0.1472533996356610 -0.1318726276954046 -0.5803584306699762 0.7900064166263030 552128.4975871320348233 4182717.8793340828269720 -1.2462210043717696
0 0436 -0.1613401682352351 -0.1092006820335314 -0.5707735855712207 0.7976603758313497 552168.0347853971179575 4182723.6824260922148824 -0.9915236719033267
0 0437 0.7196569811017303 0.5369717523305089 0.2757486610158174 -0.3431003391117973 552197.2187977974535897 4182713.1323222946375608 -1.3357917962084505
0 0438 0.7698627184233965 0.6322294275812258 -0.0600823983555026 0.0631462674265418 552209.5331312431953847 4182716.6686061648651958 -1.3602051927089811
0 0439 0.7079394923232170 0.5166154553986568 0.3181209283234985 -0.3615649615421547 552210.2341648200526834 4182716.6912213312461972 -1.6840801883295606
0 0440 0.7477066302539633 0.5304537137330917 0.2486709299058268 -0.3125962592239478 552238.4114455062663183 4182724.4339095852337778 -3.0255642604871107
0 0441 0.7882698229859327 0.6106258942480738 -0.0144714963656533 0.0745471611559118 552252.8117969239829108 4182724.1719444412738085 3.1158682795545478
0 0442 0.7465727879868349 0.5717002722921479 0.2150736735259005 -0.2636876672404737 552264.8574801114154980 4182725.3212266452610493 3.0340330627679584
0 0443 0.7520964993317913 0.6172180521291374 -0.1391355424986499 0.1844831499958316 552272.6943262036656961 4182726.2901338292285800 1.5539603995642279
0 0445 0.7480934007419395 0.5964015998987315 -0.1883058267755924 0.2218159394790056 552327.6142250952543691 4182734.8973865695297718 -0.7592058214670566
0 0446 0.7039125121159484 0.5212135816737385 0.2899825795396965 -0.3856859877270001 552328.4631357981124893 4182734.5509288068860769 -1.1457381720491473
0 0448 -0.2204388731826017 -0.1977814925903276 -0.6195750570701891 0.7269222331413443 552341.4409014210104942 4182735.7683424958959222 -0.5356412133958628
0 0449 -0.2645890981559445 -0.2273808443549244 -0.5855996018755085 0.7316854973557366 552340.5200546723790467 4182755.1338694887235761 -0.7167200237085251
0 0450 -0.1909787076996249 -0.1414986238347221 -0.6090823389837853 0.7566531418003246 552343.7783319210866466 4182754.2125253994017839 -1.2044010170391390
0 0453 0.2305508151317917 0.1781401145144732 -0.6278852118432539 0.7217150282427193 552342.3668766636401415 4182755.2937757708132267 -0.7723192066265931
0 0454 -0.1524652647586908 -0.1056163080665419 -0.5633932970894695 0.8051009447933297 552363.9375185717362911 4182758.2041447819210589 -1.7973146241856546
0 0457 0.7643722892696625 0.5981157546132920 0.1685129067417482 -0.1720347283006385 552460.6322941052494571 4182759.7270825006999075 -1.7205097209081393
0 0459 0.6880398311199738 0.5296825509266587 0.3229214956387063 -0.3765093540546985 552480.7702493226388469 4182761.8217317881062627 -2.4133432025256156
0 0460 -0.3785222000810429 -0.3008893235006721 -0.5527175491677402 0.6787413928365444 552482.6251694603124633 4182763.1704348120838404 -2.0422240034070618
0 0461 -0.2881903241102052 -0.2026502967395198 -0.5515100402385807 0.7561189560162733 552477.5096272600349039 4182776.1310065146535635 -1.1144260243697250
0 0462 0.1792962852707188 0.1081113568144971 -0.6094555809649023 0.7646755334431611 552483.6672678126487881 4182777.5416074339300394 -0.6303635981187529
0 0464 -0.0991733018750380 -0.0714486666245299 -0.6184233213143331 0.7762810959229450 552508.2361581848235801 4182781.4763028258457780 -1.6686501714971842
0 0468 0.6949613244845601 0.5282569189008417 0.2958072688298843 -0.3879064897774463 552567.9655409900005907 4182773.8025096333585680 -2.2852493580589721
0 0469 0.7167145747366176 0.5468393512205226 0.2801826329316187 -0.3298251575006569 552552.8404964915243909 4182772.0242574363946915 -1.8663402210940052
0 0471 0.7089471711034153 0.5452356451370705 0.2821157934742369 -0.3471637638475953 552563.0303086844505742 4182776.2925583994947374 -2.1438063535447429
0 0474 0.7299850004331533 0.5304904786020488 -0.2511659652747340 0.3501676871768577 552591.8993343599140644 4182780.3522142730653286 -0.6319011215003673
0 0476 0.7275092556850877 0.5834165437069172 -0.2174774120578196 0.2881995743685926 552608.1799468923127279 4182783.8961811242625117 -1.3845923631915253
0 0478 -0.3455943417932406 -0.2157066235590015 -0.5096081269796974 0.7578487714508194 552605.4938209981191903 4182799.3626423194073141 -1.1979399472038448
0 0481 0.7134591372106335 0.5881842396754479 0.2549378846788581 -0.2828816619781904 552699.4904447864973918 4182798.0636023608967662 -1.3908254870347330
0 0482 0.7433949654892623 0.5196036337545495 -0.2087824181243832 0.3657675367722260 552742.6265855345409364 4182807.8202790077775717 -1.3255845667808035
0 0483 0.4371251406440729 0.3632308948313644 -0.5093495149948122 0.6461795685025594 552756.7370058937231079 4182806.7603767858818173 -1.3746456500660513
0 0486 0.7399401830997827 0.5983910633707636 0.2042562460096182 -0.2295561555463667 552854.2767351913498715 4182822.0457759718410671 -1.8418397381596072
0 0487 0.6991429088749168 0.5935553965085250 0.2520683098603975 -0.3087924082772280 552869.5896220175782219 4182820.8637045361101627 -1.2010037512256775
0 0488 0.7655639257243798 0.6119548972615306 -0.1063944361362693 0.1676403987896442 552866.5723056304268539 4182821.8813578053377569 -1.5167385411840513
0 0492 -0.0135172518046964 -0.0211768133374220 -0.6081220018663490 0.7934459385027972 552900.9644756299676374 4182815.3435155656188726 -1.3987349908006836
0 0493 0.7579273607170175 0.6402610330307966 -0.0719859210760743 0.1021271715455982 552772.9110401588259265 4182810.1714928699657321 -0.9483914121808246
0 0494 -0.3613317394020862 -0.3106070108066636 -0.5496411571090714 0.6861903944336266 552751.7072722241282463 4182911.8315281472168863 -1.1410946580129351
0 0495 0.3824683557999204 0.3238130623086045 -0.5497073871653002 0.6683448555842469 552731.6961944354698062 4182922.3779742438346148 -1.3248805880920325
0 0496 -0.0636030860537040 -0.0408480526910568 -0.6260397908928488 0.7761187221937748 552727.5459736896445975 4182923.0166929676197469 -1.0508650596478062
0 0497 -0.3739616876659910 -0.2688878116310248 -0.5687171886044953 0.6814784457468979 552707.8804787852568552 4182920.7772602406330407 -1.2151710664180386
0 0500 -0.2198979538073732 -0.1376633245215548 -0.5508572335253442 0.7932528830833782 552665.7369846757501364 4182914.0263660433702171 -1.1795786856697181
0 0501 -0.2289541517207880 -0.1557198931565532 -0.5990620266767952 0.7513028695815978 552665.8804266299121082 4182913.8410638403147459 -1.3136747925144090
0 0502 0.6827856229574677 0.5480712822320334 -0.3077890749774976 0.3724077308350157 552662.6573001808719710 4182901.3772838544100523 -0.9725140967906790
0 0503 0.7545228832394213 0.6294359422131891 0.1173362488984655 -0.1440063124057510 552663.3540836633183062 4182899.8263847506605089 -1.0633220862019079
0 0509 -0.3919950505960116 -0.3140751635245677 -0.5375627552374099 0.6772908947762482 552463.1834915061481297 4182862.2788075380958617 -0.3070235187379584
0 0510 0.5096589553874592 0.4197045732951086 -0.4749313263638539 0.5818385193771332 552446.0458781962515786 4182860.2741042482666671 -0.9381838447744801
0 0513 0.7726212943470439 0.6281942405109738 -0.0614659322542357 0.0681928946625461 552328.3485783272190019 4182842.8862995863892138 -1.9535243021715945
0 0514 0.7685780067989161 0.6380414657394744 -0.0373662950080440 0.0281901070667216 552328.7754630760755390 4182842.9028810369782150 -0.7914599781474246
0 0515 -0.3572386991316902 -0.3027209840470803 -0.5800221036523784 0.6665696302399703 552328.2423717401688918 4182841.5941183818504214 -1.1420890597464304
0 0516 0.7550241564516162 0.6146155433865804 -0.1420881119048299 0.1788776620342025 552317.0310991519363597 4182840.0055536008439958 -1.1893887249587298
0 0517 0.7503777927318334 0.5906394263550132 0.1717906239399019 -0.2420045918849668 552317.0835746604716405 4182835.9100910448469222 -4.1037461346080288
0 0518 0.3067572614656985 0.2596415287136611 -0.5706048474448688 0.7161678345036980 552310.5531618235399947 4182853.9718978153541684 -1.3041536163377454
0 0519 -0.1303630353924646 -0.0561305159080027 -0.6186411849397931 0.7727470016010758 552315.3980173544259742 4182854.6593587915413082 -1.3412686796698825
0 0521 0.1463090957046275 0.1628836631223579 -0.6188347433577163 0.7543912255688860 552299.7689682545606047 4182851.4840786545537412 1.1376883115192966
0 0522 -0.2423566940969132 -0.1368123491052853 -0.6020251295820602 0.7484058856466402 552189.2769076398108155 4182835.7015217710286379 -1.1569132395510167
0 0523 0.2792509239396113 0.2268126727909761 -0.5844901862828543 0.7272868488420393 552184.9471290340879932 4182833.5711701097898185 -1.0379571402428136
0 0525 -0.2578906108947620 -0.2043767893954630 -0.5940855114814618 0.7340197312174509 552582.9253119960194454 4182579.4253873964771628 -1.0574532382944730
0 0526 0.7132011428461994 0.6053989210989349 -0.2161882513930546 0.2794618330554894 552578.1620644008507952 4182567.5593975456431508 -0.7455342387348309
0 0527 0.1960987748099733 0.1607672408777701 -0.6053898300743425 0.7544549810433588 552512.7611297153634951 4182569.9858585768379271 -1.1180952228968151
0 0528 -0.2276924992869519 -0.1914022516039644 -0.5980079057698420 0.7442498562217946 552516.1444238224066794 4182567.8339214776642621 -0.9590878647679203
0 0529 0.4255717912840159 0.3229915424200506 -0.5050419166789578 0.6778626530394449 552488.7831421319860965 4182564.9388636499643326 -1.0226141659222321
0 0530 0.3258692420426911 0.2778686823894730 -0.5395487855951857 0.7249036785830149 552419.6294928494608030 4182552.3780805198475718 -2.0176838675035613
0 0531 -0.0286367892994836 -0.0227169301498540 -0.6464118212213019 0.7621126116057543 552418.2437858290504664 4182553.6272502588108182 -0.9531647826834143
0 0533 0.7681255144448328 0.6348927945399609 0.0623076958184549 -0.0548824453052852 552406.3463402834022418 4182537.3295556432567537 -0.6409642987340552
0 0534 0.7731591524741680 0.6050046784307406 0.1249338153677753 -0.1434775445844858 552396.4841218237997964 4182533.5964838005602360 -0.9402277985854366
0 0535 0.7360296109095231 0.5840157493038384 -0.2097003028426265 0.2705767902410757 552363.0664117812411860 4182528.1578795951791108 -1.1911869495429561
0 0536 0.7562400251055257 0.5569174128925171 0.2132669398026715 -0.2691862404223200 552340.5901024471968412 4182526.8269059755839407 -1.2052479350211693
0 0537 0.7394262366038062 0.5819710113441152 0.2274153169117199 -0.2506807854842122 552322.8867480888729915 4182523.4579330063425004 -1.1078473935550757
0 0538 0.7343121085668549 0.5934544906616478 -0.2135075310683295 0.2510219689643317 552315.0878716758452356 4182521.6358201219700277 -0.7356807677388572
0 0539 0.7087853112600995 0.5856801430439306 0.2609298874110058 -0.2941389917056982 552306.1006719359429553 4182519.2543857833370566 -1.4133872780963737
0 0540 -0.1553568236021371 -0.1392645060282137 -0.6133471575877355 0.7617577823691842 552301.6713816453702748 4182532.6403599055483937 -1.0468428479848439
0 0541 -0.0927239016972499 -0.0685535205059687 -0.6358085235157710 0.7631842597335010 552280.2414190674899146 4182527.4203248629346490 -0.9890099732623722
0 0542 -0.1082265026796840 -0.0754842491432998 -0.6178002603923169 0.7751851330541512 552259.1484009046107531 4182525.9274301808327436 -1.2778499715671907
0 0543 0.7598173501364384 0.6432322163423424 -0.0663558283504184 0.0672816047288463 552244.0488668362377211 4182511.1240807967260480 -1.0318108080928778
0 0544 0.7259991453683466 0.5472471615304465 0.2516427940392994 -0.3318459199251678 552238.5685226398054510 4182506.9141276846639812 -1.0211778209174853
0 0548 0.7324631035054255 0.5463227842880027 0.2327180189303705 -0.3329740370270144 552090.3988606291823089 4182481.6270675030536950 -1.0896496451175115
0 0549 0.7240497778966637 0.5105734826924315 0.2845527865815713 -0.3661916693566712 552060.2905520537169650 4182480.5673072058707476 -1.0399093174629734
0 0552 -0.2364739707645390 -0.1861222378320130 -0.5895053770101024 0.7496145678762201 551990.1482488224282861 4182482.8535270080901682 -0.9888248109283965
0 0553 0.2553526902168425 0.2358342271332667 -0.5832353569489529 0.7341755105081659 551949.6300286257173866 4182476.2953674290329218 -1.1734618559930203
0 0554 0.7512395121911972 0.6125630955417223 -0.1384281864941570 0.2030847826887779 551955.9779467745684087 4182464.2029387038201094 -1.1034143805170895
0 0555 0.6959172026972924 0.5457559769847007 0.2900752502558707 -0.3656584694277363 551954.1420633209636435 4182459.4788213465362787 -1.5532939554075706
0 0557 0.2245655243685505 0.1985319021694491 -0.6109495482056350 0.7327320050053248 551869.9029943930217996 4182462.1579237268306315 -0.5111468553945759
0 0560 0.3326037372180800 0.2739713106870149 -0.5690230411843542 0.7003765085437903 551788.4921682333806530 4182448.8488496341742575 -1.0586198350007237
0 0561 0.0361958022621247 0.0504253579969554 -0.6537111435674360 0.7541941977668850 551766.3005109729710966 4182445.8352223299443722 -1.2884224330498653
0 0562 0.7259084651222311 0.5720729097419760 0.2426637406368385 -0.2947944965282982 551743.4028704364318401 4182426.4538461039774120 -0.5720025490767411
0 0563 0.7461007531364445 0.5691142394162969 0.2134211201886634 -0.2718346448123499 551710.5215026453370228 4182420.3640935542061925 -0.9685854458127912
0 0564 0.2460197918647400 0.2052836684405115 -0.5990050953227165 0.7338431530373908 551618.4916831100126728 4182420.5221030176617205 -0.8436505113475272
0 0566 0.0472972121719133 0.0438373630499616 -0.6499008128292303 0.7572781475821793 551539.3882069720420986 4182407.2735908911563456 -1.3285873816397373
0 0567 0.7865498224634649 0.6053882251287482 -0.0697946304543298 0.0998658260762881 551523.2919899120461196 4182388.6841693427413702 -0.3836516931449600
0 0571 0.7669460325056753 0.6010752577746455 -0.1486231636613115 0.1685632770945846 551627.8792072571814060 4182301.1366276801563799 -0.4488740473380249
0 0572 0.3401342481395266 0.2295449126582683 -0.5774491357864213 0.7058117984085317 551679.6432802918134257 4182293.6136049595661461 -0.5123346947710309
0 0575 0.7187582119062015 0.5915384506328027 -0.2389417735021308 0.2763619281901504 551767.6441505231196061 4182324.2496408387087286 -0.7179281512680665
0 0576 0.3134220409507084 0.2523475304322340 -0.5698294662502795 0.7165067722413747 551772.8238449116470292 4182341.2261428944766521 -0.9584032779746672
0 0577 -0.1564978450403774 -0.1261988844608782 -0.6199959948120005 0.7584109773076437 551806.6513783155241981 4182346.6515984185971320 -1.7323751142734094
0 0578 0.3482466769238903 0.3091671403262045 -0.5654770711819757 0.6807173948381628 551839.3941297591663897 4182349.5237363553605974 -0.6213305498400236
0 0583 -0.2320705266451170 -0.1560021733210561 -0.5964992087364328 0.7523265800485724 551907.5709269662620500 4182361.8446284187957644 -1.5869796026686200
0 0584 0.2461144309527915 0.2209415619774349 -0.5737462311012047 0.7492848668776737 551908.1094271257752553 4182361.3056468926370144 -0.8357207649426798
0 0585 -0.2577820099524138 -0.2109446475731746 -0.5793679923124087 0.7438975162778818 551944.2589460442541167 4182367.7779414630495012 -1.3722003014991786
0 0587 0.6961823107738809 0.5553846441317648 0.2731895672522696 -0.3636558566006551 552020.7369507125113159 4182365.9041388249024749 -1.3026881320313635
0 0589 -0.0883056682014571 -0.0620440270810402 -0.6008067712788137 0.7920756726327296 552093.4104138647671789 4182392.0744906980544329 -1.2868579527743558
0 0590 0.1106724092806576 0.1059812813990332 -0.6135251648240213 0.7746653986137534 552121.5146393117029220 4182400.9021236216649413 -1.0841417093485484
0 0591 -0.2977499011452164 -0.2034815808651996 -0.5640466480862695 0.7428268053102968 552121.5982927236473188 4182400.6584454062394798 -1.1481028187421740
0 0596 0.3893270915298488 0.2981237026212075 -0.5285146481545185 0.6929783167920535 552238.9378539682365954 4182417.4687275015749037 -1.1118867023822836
0 0598 0.7427558952732723 0.5819633654677944 -0.2028499601756335 0.2616948944230044 552290.4863958215573803 4182411.5651392471045256 -0.9780889298884058
0 0600 0.1959863593619386 0.1629473798158432 -0.6068809981816201 0.7528167270789162 552395.0096448565600440 4182443.1583878011442721 -1.1369513403436162
0 0602 0.7493332016176700 0.6062604389703320 0.1628132119306636 -0.2108077038542185 552496.6605462952284142 4182445.6527034598402679 -1.1649394304074894
0 0606 0.7435902399486105 0.5485217975935640 0.2411844586526236 -0.2966941710640186 552369.5069523786660284 4182317.0043300562538207 -1.0710246491374584
0 0608 -0.1028280310038679 -0.1013274006693572 -0.6402251860933053 0.7545004138905353 552213.2599016275489703 4182305.6528911376371980 -1.2678652816197358
0 0610 -0.4442657898154438 -0.3490418533045232 -0.5214364616081875 0.6394542275620176 552130.1023139029275626 4182276.0504734604619443 -1.0419263903604090
0 0611 0.3163866932104728 0.2423326549323724 -0.5601119680225553 0.7262567925326890 552043.7248556498670951 4182278.3096402245573699 -1.1145876323175721
0 0613 0.6532907677368315 0.4997602334023273 0.3488047660101973 -0.4492060932613356 551697.4949453175067902 4182220.6710817920975387 -0.9118092180570575
0 0614 0.7194616435907510 0.5838397936039864 -0.2557701288498288 0.2758399881159284 551739.5711862143361941 4182216.0298749399371445 -1.0288068165046447
0 0617 0.6857265403295988 0.5547339664750388 0.2892451116570031 -0.3720034995924064 552658.0184800400165841 4182582.4503597808070481 -0.8846505892964842
0 0619 0.7805010753501969 0.5868678867603582 0.1210328443227628 -0.1781999030913303 551749.3623314446303993 4184423.9495918094180524 -1.1004385517273054
0 0620 0.8190614846922438 0.5682569405165483 -0.0764496119295555 0.0194368383316221 551733.3842177510960028 4184419.6381806777790189 -3.3800100557955206
0 0624 0.7021364831163847 0.6826796403344230 0.1550925458639839 -0.1299968167753347 551651.4634357248432934 4184412.2641887417994440 0.0374261441977333
0 0625 0.7251723357493940 0.6687155619005547 0.1166831791143819 -0.1154539581285750 551644.2057046302361414 4184407.5274731894023716 -1.2015823979426026
0 0626 0.7409192278006610 0.6243261935000265 0.1798992513994755 -0.1699757668932487 551585.3816532968776301 4184399.2536272471770644 -1.2842794529060702
0 0627 0.7225491480915317 0.6191860243474404 0.2121201055725231 -0.2225678697766466 551571.2405289693269879 4184394.7678783745504916 -1.0280105345295247
0 0629 0.7353428728762937 0.6149950246263201 -0.2007369848475275 0.2018827460863221 551548.4126960458233953 4184603.6934052631258965 -0.8444076578846126
0 0630 0.7407291869280155 0.5800644314208766 0.2502757697691234 -0.2284897535627010 551538.0702060323674232 4184603.1116030924022198 -0.8978729064432891
0 0631 0.7418187932880534 0.5951283568181852 0.2106137618494331 -0.2262055631123324 551524.4944372839527205 4184600.7378715598024428 -1.0162231933671251
0 0632 0.7953290286846459 0.6054235566877839 -0.0146258160506118 -0.0264601510941800 551499.8697892964119092 4184596.9593383190222085 -1.0947108568626887
0 0633 0.7704335676521635 0.5623257312683319 0.2087704496770026 -0.2159555372443964 551483.1489061146276072 4184595.3197946208529174 -1.3072789207788595
0 0634 0.7449702261839929 0.5829439085703911 0.2256909511974798 -0.2329363819173120 551473.1997131087118760 4184593.6366449813358486 -1.0327065406655518
0 0635 0.6752660659307522 0.6050159950901493 0.2960204159242906 -0.3005716356391563 551449.7663861354812980 4184587.4596443204209208 -1.2105303277861021
0 0636 0.7947440258866697 0.6036528183719223 0.0511525848365997 -0.0369948814515993 551427.8521897349273786 4184585.0419311346486211 -0.8681371456326809
0 0637 0.6733966379023205 0.5729417367690615 0.3163990704622135 -0.3437533454972471 551317.9705693940632045 4184567.4497540243901312 -1.0496088888703827
0 0638 0.6944084381380652 0.6042882710711382 0.2652374360490559 -0.2868479023082651 551304.6179119357839227 4184564.9722877750173211 -0.9303853534754267
0 0639 0.6838027787212103 0.5913536246897667 0.2552483717585127 -0.3428744946683178 551303.4786328093614429 4184575.1229846379719675 -1.1299567219050803
0 0640 0.7305088473894792 0.6197134049200788 0.2010636155274964 -0.2046595762389024 551287.4936603553360328 4184668.5816384581848979 -1.0925206281712208
0 0641 0.2265430864907360 0.2561198079792946 -0.6099575268687158 0.7148655103689621 551485.4904050390468910 4184713.6090259454213083 -0.9273489122618149
0 0642 0.1673892509925784 0.1747409464937500 -0.6303850018686235 0.7376050346130688 551499.9747418294427916 4184716.6047813948243856 -1.5771664169408397
0 0643 0.0974280727776256 0.1063656852944972 -0.6244220352385400 0.7676530675559219 551516.0981712220236659 4184720.0092827449552715 -1.1002322416963868
0 0644 0.6334075549007376 0.5478597698779913 0.3545734164184203 -0.4158391928537675 552374.0814025725703686 4183465.7175602279603481 -1.2113077918380077
0 0645 0.2429378217373626 0.2017629447324521 -0.5932465173959321 0.7404940907934329 552341.1742077033268288 4183475.2927689505741000 -0.2031459121613775
0 0646 0.6400829063532600 0.6477357853193988 -0.3026310050770571 0.2813302333150056 552059.0091233114944771 4183418.7531664110720158 0.8433927070375771
0 0647 -0.1528678032249000 -0.1196404475342302 -0.6642776502496848 0.7218398472962104 551810.8208871961105615 4183293.7789982450194657 -1.4013541792994768
0 0648 0.4255356789232563 0.4171078786646056 -0.5423424617058638 0.5922879854851517 551817.2380099960137159 4183287.1148421592079103 -1.2378254198227776
0 0649 -0.3010958262865717 -0.2486381503589078 -0.6013794850438020 0.6970388071673727 551814.9073826322564855 4183285.5810993472114205 -0.7623342938120915
0 0650 -0.3774189989978567 -0.3314873545917279 -0.5800770067560758 0.6412345118395808 552444.6222883113659918 4183374.6992304413579404 0.0900917777226604
0 0651 0.5970112829893556 0.5200986357623375 0.4024878315586820 -0.4594327834501464 551846.6189393994864076 4183179.1236729943193495 -1.4048908351186771
0 0653 0.3511045761833846 0.3346530904522697 -0.6036631514082283 0.6327113759572505 551905.8836844663601369 4183511.8628648081794381 -1.2376773698382060
0 0654 0.3597372066159715 0.3568568165871325 -0.5778044375003472 0.6398315298860654 552028.4777984179090708 4183531.0438049514777958 -0.8828062317681391
0 0655 0.6733959502902584 0.6390849672253366 -0.2632994405079952 0.2622626611384987 552264.0931662442162633 4183551.8945648921653628 -1.3685653427702438
0 0656 0.6513830761906939 0.6307887979942641 -0.2929738795995963 0.3032686700759927 552353.7407342183869332 4183564.2260919529944658 -1.1456260092699182
0 0657 0.5815868000160489 0.5681676547582665 0.4047878166971312 -0.4184365347184129 552417.7404013447230682 4183575.4567946367897093 -1.0845536739502688
0 0658 0.7025868133764711 0.6039835190983806 0.2370926382205406 -0.2921690593280815 552536.9992171010235325 4183596.7109384224750102 -4.1176530950563714
0 0659 -0.0601199279260985 -0.0206362928603933 -0.5971641223346573 0.7995966162255936 553063.3249408337287605 4182981.2923156744800508 -1.1510953240706865
0 0661 0.7611143865572023 0.6042506607138820 -0.1545546602282148 0.1780414151871222 552959.0699957108590752 4182904.8159245024435222 -0.7948217370376029
0 0666 -0.4360327667189142 -0.3179897102410257 -0.5304507603027213 0.6537430451996983 552808.7637296039611101 4182726.2911262316629291 -1.5412403612766274
0 0669 0.7670681616226763 0.5731171139158755 0.1874064420545079 -0.2191393318339764 552797.6968188158934936 4182687.9135964866727591 1.6603461647467244
0 0671 0.5327955445330617 0.4185065797932934 0.4663699546655229 -0.5687532116662869 552783.9323004442267120 4182670.8292033933103085 -0.9659548063027811
0 0676 0.7719362641288868 0.6140038438627871 0.1045015208367063 -0.1272521747840686 552474.7190039234701544 4182656.3741002827882767 -2.0512702694317198
0 0677 0.6869342049362239 0.5283385015288778 -0.3163770947833175 0.3858566570467920 552431.9809396972414106 4182647.5134782902896404 -0.0456093560308597
0 0678 0.6919247207314231 0.5557603648902875 0.2749899284286639 -0.3697987789603359 552397.7129490004153922 4182641.9441280723549426 -1.4590968666698194
0 0680 0.4543231089261347 0.4239744994305996 -0.5220602641175995 0.5841996381013311 552361.3892389417160302 4182639.7502123205922544 -1.0659756943920422
0 0681 0.7246084185108648 0.5322412072535563 0.2555474142476568 -0.3554679397580000 552360.3444876215653494 4182631.1594096468761563 -1.0047385343363098
0 0684 0.7683225580016259 0.6235846012999448 -0.1008627247630678 0.1031959429473690 552222.5289003066718578 4182610.2836064398288727 -0.6327944768869511
0 0685 0.6767571193774099 0.5617304269873648 -0.3026711963431671 0.3672177496701092 552102.2140230529475957 4182591.6248896070756018 -0.2367251838944659
0 0687 0.6619324596459992 0.4940803898864965 0.3534200616851183 -0.4391175778707709 551928.2530835631769150 4182563.0371221755631268 -0.8287610023734454
0 0692 -0.3037349211436959 -0.2647874741218268 -0.5637838445710549 0.7209580560831338 552003.7436123987426981 4182484.7512655784375966 -1.0781543808326117
0 0697 0.7257097090776726 0.5574080015979435 0.2808792382631000 -0.2893934889000221 552095.8080871250713244 4182697.0322569510899484 -1.2566800323709177
0 0698 0.6502334452153509 0.5144111177747723 0.3480308520895444 -0.4375525049944411 552075.9067160271806642 4182693.5415879697538912 -1.1497185649041262
0 0699 0.7395969215644030 0.5923135512982511 -0.2001638543634255 0.2491896506022869 552045.9271344991866499 4182688.4506586021743715 -1.5044159531900785
0 0700 0.7375249584624406 0.5575768363874015 0.2378896955343036 -0.2976130036268383 551992.5941092239227146 4182679.4347306205891073 -1.4503587033333343
0 0701 0.6996449781594314 0.5035357842545041 0.3256992370749557 -0.3884181065299120 551965.4898071435745806 4182673.8914867662824690 -1.5147450519575485
0 0702 0.3697917587466880 0.3145135953440958 -0.5296472369249634 0.6955638417316654 551925.9409759908448905 4182685.1109616733156145 -0.9117047616940338
0 0703 0.3647662785819548 0.2766201811590249 -0.5559095760860850 0.6938237388564977 551997.9951645530527458 4182696.3489913246594369 -0.7785487108438928
0 0704 0.4256081983212912 0.2984351074374371 -0.4978291430100842 0.6942336008436606 552042.8717618224909529 4182704.6913772802799940 -1.4359230783022809
0 0706 0.3739115963044851 0.3566317697421826 -0.5099691713055327 0.6877029469745921 552083.0144778692629188 4182711.7307578162290156 0.5201100187969953
0 0707 -0.2144605346214696 -0.1581160789213333 -0.5629135065054267 0.7823901640934536 552110.5908565603895113 4182715.9787695854902267 0.0600431861364823
0 0708 0.3023877969621103 0.2521842650986515 -0.5539595407630749 0.7335485968104758 552099.4379598993109539 4182714.1708033820614219 0.2915225448960321
0 0709 0.3816255087257314 0.2663996496125794 -0.5186053536627597 0.7172459026919886 552113.4319096687249839 4182715.7204352803528309 -1.0284498007645249
0 0710 -0.3658057124385559 -0.2865199663860003 -0.5225764386091977 0.7148470853406437 552128.9556442399043590 4182718.1718775108456612 -1.8239850364940144
0 0711 0.7202718660026292 0.5589545290524340 -0.2380854724216700 0.3348037952571811 552133.8414403533097357 4182701.6275418130680919 -0.1476154385855725
0 0713 0.2595565060075088 0.1827245699684003 -0.5748052426378397 0.7542155426369119 552161.3119779687840492 4182724.0356333111412823 -0.7224558835440167
0 0714 -0.0573323319728583 -0.0400120419697274 -0.6192890334119152 0.7820442016303825 552188.0823338642949238 4182730.2272090259939432 -2.2530626037511836
0 0715 0.7466199043773745 0.6335457548645694 -0.1325715377342688 0.1536335974433153 552232.8730266899801791 4182721.0556178395636380 -2.9675131926165363
0 0717 0.6943179436749478 0.5013678427002591 0.3049711629632796 -0.4165878888756908 552288.4801704069832340 4182729.0675478889606893 0.3314843958610648
0 0720 0.4593395213058567 0.3614265746620790 -0.4940940414294567 0.6436218715351812 552383.0341357190627605 4182761.0084329885430634 -0.2066925016178993
0 0721 0.7149986143413256 0.5435495391369062 0.2856205697251770 -0.3342929406133286 552399.5672077948693186 4182746.9148122426122427 -1.2331130660372431
0 0722 0.7720418768844245 0.6145315805955871 -0.1029487164868186 0.1253149574519385 552400.4432028336450458 4182748.6698533375747502 0.1458939372981776
0 0723 0.7046718379101025 0.5050704196086807 0.3029892689423741 -0.3956500663445858 552445.6641785977408290 4182755.3170420806854963 -2.3536402456582444
0 0724 0.7320859903475542 0.6062749902079005 -0.1879467563390852 0.2472990090277743 552459.6131057058228180 4182754.2765306169167161 -1.2905450214483500
0 0725 -0.2926102830560838 -0.2318817785615245 -0.5693546221816881 0.7324243150123635 552477.2540199063951150 4182777.4086949941702187 -1.0708358866667296
0 0728 0.2818996966087051 0.0766474497883270 0.7241766300841228 -0.6246806687683472 552665.0761677188565955 4182805.5611236221157014 0.7561818329337302
0 0729 0.6584279135850133 0.4704710315002917 0.3527852075571131 -0.4697577179820978 552681.8052796795964241 4182796.5223574796691537 -0.9177060097792816
0 0732 0.6283022773660213 0.4490575963127272 0.3989332461967313 -0.4944045045173593 552754.2252477800939232 4182807.2276239260099828 -0.9087542496238993
0 0738 0.7803618745091347 0.5636757852649872 -0.1345982567895024 0.2349218235663019 552825.8273441925412044 4182800.2527774511836469 -12.5589995869014146
0 0739 0.6766086846661122 0.5700732490332997 -0.2495736883903217 0.3936116774617608 552815.8407571493880823 4182817.1786149847321212 -0.5294836167136944
0 0741 0.7919488729540025 0.5454217477116350 -0.1654476014285189 0.2189978833604757 552851.6827150966273621 4182822.9659605836495757 4.7334106101604982
0 0745 0.7625470960995124 0.6137269400573820 0.1383132710771556 -0.1507667347989630 552917.4711689641699195 4182793.7772791394963861 -2.4088554007820209
0 0746 0.7722162472064613 0.5844054057603185 0.1451682432912085 -0.2026784902455891 552925.6100139642367139 4182786.4886900074779987 -5.3586621216947057
0 0748 0.5946488308322951 0.4887936789707350 -0.3986079869607811 0.4985831728235003 552730.8616403023479506 4182924.5132023985497653 -1.4744942850955460
0 0750 0.4538443102871875 0.3860225144404995 -0.5146296479030066 0.6165778793919735 552609.6592982579022646 4182903.0186889884062111 -1.2515973376722871
0 0752 -0.3139075971546996 -0.2089386555678918 -0.5543448090716853 0.7419625942817613 552526.2893683236325160 4182890.2040204294025898 -1.1941254946654243
0 0753 0.4222213563662530 0.3891075041437669 -0.5770397858096304 0.5808180111188233 552527.3096731117693707 4182881.4360042246989906 -1.6995345624433402
0 0756 0.8035236869491045 0.5333305275638917 -0.1664540875763597 0.2054294759990883 552449.7427264283178374 4182865.9988103820942342 0.5791753030039207
0 0759 0.6739381209889470 0.4628870202573817 0.3239629216477044 -0.4760157990577757 552313.4937159431865439 4182839.8231867533177137 -1.6420382359983361
0 0760 0.6902088732670982 0.4770817572762240 0.2975705246518479 -0.4554739191172387 552311.4094616145594046 4182839.7791429958306253 -1.1913042076300269
0 0761 -0.3604007107685762 -0.2252312890894895 -0.5200725724145152 0.7408823884495708 552309.8274384245742112 4182853.5881654657423496 -0.8467139623725835
0 0762 0.5351987925695318 0.3981443882812358 -0.3792102273033686 0.6412822327343891 552319.6475897448835894 4182849.2181835323572159 -1.3426825649097389
0 0763 -0.3901649337783860 -0.1825241824996235 -0.5455506824404062 0.7189093870467081 552269.5856447041733190 4182849.3396816547028720 -3.2749702055594825
0 0764 0.3335248134449468 0.3221852288937050 -0.5456035582756179 0.6980506030509508 552228.4508165682200342 4182843.7404179489240050 -0.8919070820208252
0 0765 0.7400148402628169 0.6307833365163026 -0.1689868979861194 0.1610398921795078 552255.0693445029901341 4182832.0624212087132037 6.5141302754995190
0 0766 0.6365817832454022 0.5853345240373561 -0.3415808040053803 0.3680620634418928 552267.8812112738378346 4182830.0908434703014791 5.6609278512772798
0 0767 0.7902598908999665 0.6023145669859006 0.1040318221071746 -0.0434033832268801 552287.5165665686363354 4182836.0517169674858451 -0.7802167758756244
0 0768 0.1030723355681693 0.0941793163495834 -0.6912459029045993 0.7090031394359639 552456.8049484493676573 4182550.5115812392905354 -0.5487610570211171
0 0770 0.0996553272014089 0.1105552766487710 -0.6660215297759146 0.7309320585564751 551979.5486722218338400 4182372.0038802870549262 -0.6570418712536572
0 0771 0.7658829603405481 0.5970211642839398 -0.1513974718782743 0.1845749069379559 552251.3228219437878579 4182419.4929251014254987 -1.1730884806040494
0 0772 0.7797964265763612 0.6183022830467848 -0.0739810381608530 0.0643943018822684 552324.0172040496254340 4182420.1778504527173936 -0.5232740644540750
0 0775 0.2090236173716449 0.1718329048740867 -0.6112522524099399 0.7437427562107153 552278.6753165463451296 4182316.3795228162780404 -1.2568182084288932
0 0777 0.7369924218126126 0.6007606868559900 -0.1825320828106833 0.2502218375322937 552116.2848778241313994 4182273.5088596409186721 -0.9921611110217666
0 0779 0.6108097552679616 0.4216933831128146 0.3859317355257170 -0.5478529735331876 551987.1236104948911816 4182268.2461004108190536 -1.4494583231718265
0 0783 0.5748832939473570 0.4211337597911010 -0.4261211166055721 0.5572937660779040 552495.4306812848662958 4182401.5512727578170598 0.1740579624486604
0 0785 0.2020596261796180 0.1642700295598450 -0.6167923156540016 0.7428017926204942 552558.2516220691613853 4182471.4520480767823756 -0.9656686286861867
0 0788 0.7066357565410609 0.6009006829054451 0.2564304139071796 -0.2717125721507704 551776.5200825540814549 4184426.9243873469531536 -1.0823880907223844
0 0790 0.7685914725158823 0.6152194395884055 0.0916380780542377 -0.1495815806405471 551462.7374634672887623 4184377.5802155788987875 -1.2344694975210497
0 0792 0.7478037410069382 0.5735765735704563 0.1724004223945106 -0.2864918385319155 551406.5056424511130899 4184367.9948633206076920 -1.2788205429420221
0 0793 -0.3572422726057143 -0.3347854317675933 -0.5491112787029787 0.6773281899794741 551382.0384358264273033 4184365.9678352973423898 -1.0010725552385278
0 0794 0.7715705067364573 0.6345633025399940 -0.0316488807255364 0.0317288907216293 551339.8266100477194414 4184358.8996569826267660 -1.2317118441414276
0 0795 0.6578525225681433 0.5728762078412574 0.2986730174121990 -0.3870881315356057 551337.1569024878554046 4184365.3692233948968351 -0.9465977120940466
0 0797 0.7519604607231036 0.6467568110409664 -0.0874676556886838 0.0927928101534009 551893.2099520176416263 4184555.0915335007011890 -1.0901361854391101
0 0798 0.6760656449510449 0.5876361752639894 0.2915573292879986 -0.3355790413248226 551877.0866743469377980 4184656.9727906314656138 -1.7421905241539088
0 0800 0.6151441187274255 0.5384575882778843 0.3359107446799660 -0.4677874976061565 551300.0698146407958120 4184599.3006374337710440 -1.0033288848151154
0 0801 0.6959069618959417 0.6244015222414923 0.2474319445256957 -0.2541921954653620 551302.0184391344664618 4184672.2566723893396556 -0.9353496702850799
0 0802 0.0311320577579959 0.0351440943022749 -0.6494645919075747 0.7589409910964278 551457.7619449414778501 4184712.8369411779567599 -1.1475979800682212
