# ["0 <image name> <1x4 quaternion> <1x3 camera position>"] x 44 images. 
0 0003 0.7089803763542143 0.6452424856447336 -0.1867233314568495 0.2148100513320964 553011.8592092951294035 4183081.1803457150235772 -1.3753584831138141
0 0028 0.8033908767261994 0.5926453614018894 -0.0411452512382274 0.0405171951457126 552702.6187587205786258 4183209.9431930985301733 -1.0122325087431818
0 0029 0.7265097133743590 0.5571977806516024 0.2652760254124821 -0.3022298793153841 552625.9696991436649114 4183212.2375954417511821 -0.3799385424936190
0 0047 0.7465357768376940 0.4896821699328971 0.2509877243078824 -0.3740332453110290 552706.5935903368517756 4183012.1382359745912254 -1.1382495972793549
0 0060 0.2854810756033848 0.1951455090993685 -0.5834795779553270 0.7348267604406880 552967.7252226138953120 4183053.8041458544321358 -0.7872443269006908
0 0069 -0.2665426669456772 -0.2133038119233999 -0.5596653219507922 0.7551365558110327 552649.0791045012883842 4183524.8937810789793730 -0.6676438371650875
0 0074 -0.2571852716731430 -0.2335732503291554 -0.6321148204197327 0.6926255312727178 552340.9014432148542255 4183476.1725208917632699 -0.2473294702358544
0 0081 0.5017981879539855 0.4426682408254447 -0.5059204284896750 0.5443233663617859 551935.0652846579905599 4183394.4375848416239023 -3.3174426308887632
0 0083 0.2362414858158948 0.2189244970741342 -0.5763681076581273 0.7510404978660774 552263.2936004146467894 4183458.1566454805433750 -3.4357685404829681
0 0176 0.7276100523634017 0.6572891997583886 0.1344790614591645 -0.1430730638861399 552012.9926904863677919 4184710.0519551387988031 -0.4828951284871437
0 0185 0.6776394637663538 0.5115550868107794 0.3346424836331447 -0.4088160447588927 552640.0419404127169400 4184215.4723450327292085 -0.1554755498655140
0 0194 0.6369450918995795 0.4938415355751881 -0.3734285123776350 0.4593175740043082 553311.9698478856589645 4183246.6041400348767638 -0.7932848989148624
0 0208 0.7069585878068779 0.5394129668277592 -0.2737274199979269 0.3664921634707328 553344.5963830449618399 4183259.1088938377797604 -0.4041622747899964
0 0211 0.5126701154353148 0.3995757586989148 -0.4854077723923583 0.5847117754080347 553308.9864633934339508 4183369.0085420408286154 -0.9554823155121994
0 0259 0.6810782137154524 0.6304683992651506 -0.2514635738366628 0.2746054175785687 552783.7839604865293950 4184017.0116033153608441 -1.0332266806508414
0 0266 -0.3716242784675848 -0.1925440297876005 -0.4680866392528801 0.7782782859617394 553249.1109408412594348 4183350.5397501513361931 -2.7959072077646852
0 0279 0.7587664110910401 0.6498680796677039 0.0245024125655935 -0.0366693906071403 552977.0851454029325396 4182889.6216333210468292 -0.8394075233954936
0 0289 0.7674365446093738 0.5875439195130056 -0.1295738529043427 0.2214585949671934 552884.6934106140397489 4182798.7953642616048455 -1.5972827582154423
0 0302 0.6597455747594868 0.5190424452590177 -0.3251049111667536 0.4354738951304331 552788.4656829100567847 4182697.6373743033036590 -0.8457403136417270
0 0333 0.7388431765835052 0.5671144336523276 0.2312733128110906 -0.2810776304521198 552425.1434741071425378 4182645.9203514116816223 -1.7380085736513138
0 0348 0.7543662340973433 0.6097483458776433 -0.1410184008762049 0.1981220587607248 552342.8366250551771373 4182631.0882773273624480 -0.7246697118971497
0 0356 0.2793127751009249 0.2592628156005686 -0.5734095800828337 0.7252369403040045 552227.6852996291127056 4182632.1371518885716796 -1.3526855903910473
0 0362 0.4079092729144772 0.3693528320914705 -0.5261773063914322 0.6483254990628160 552116.6459114025346935 4182635.1226064013317227 -4.9176936850417405
0 0384 0.6954126279830107 0.5292955238406000 0.3014636541731159 -0.3812704951824353 551935.6635772900190204 4182565.8775770282372832 -1.0066988159669563
0 0395 0.6144785620375078 0.4740751540118630 0.3979872461984227 -0.4891574358101293 551951.5016995024634525 4182476.1637854888103902 -0.8195439941337099
0 0397 0.6973281947382872 0.5191005636369547 0.3096858185466523 -0.3851787733584592 552002.3914712327532470 4182471.6075935275293887 -0.9921787386992946
0 0447 0.7655536585219253 0.5563639110182087 0.1850755810727755 -0.2648279134283106 552340.9040622899774462 4182735.0747485212050378 -1.1370703515131027
0 0479 0.6506197444245203 0.4891722611195533 -0.3339181079123882 0.4752926933210377 552608.8028564066626132 4182801.2139422846958041 -0.9841879092855379
0 0491 0.0335313670456342 0.0402329886520594 -0.5686566776003187 0.8209059246154465 552901.7724719154648483 4182811.6467607207596302 -1.0002594278194010
0 0499 0.0427746273408279 0.0643505631541524 -0.5801966341563826 0.8108028132605370 552672.1354086388600990 4182916.4836417576298118 -2.0903043248690665
0 0511 0.7428348312924552 0.5398705139230708 -0.2245326930374384 0.3260694885641780 552433.1986477780155838 4182858.7299883854575455 1.4507441046880558
0 0580 0.7624872610880199 0.6139763889667381 -0.1335513604289374 0.1543055559512832 551865.9652480531949550 4182341.9472662438638508 -1.5353021170012653
0 0607 -0.3671893908595249 -0.3092920944126084 -0.5590104963635910 0.6760307807558801 552278.4651419185101986 4182303.0415688054636121 -1.0794394969125278
0 0615 0.4660342599817938 0.3551874451054962 -0.5092716391408629 0.6303144809770999 552262.2406316166743636 4182299.1267651934176683 -1.3964694509049878
0 0670 0.7833778677059694 0.5879401914687924 -0.1221213370412821 0.1604114294036991 552792.9234220024663955 4182678.2517204405739903 -1.2063738913275301
0 0672 -0.4110736179195627 -0.2412563885561297 -0.5123138585851259 0.7143866921583819 552661.9569101682864130 4182699.3639780809171498 -0.2729653021087870
0 0673 0.3353123084970698 0.3153996352157533 -0.5561202338481405 0.6919674930087580 552645.4702652685809880 4182696.3739194013178349 -0.2257577776908875
0 0688 -0.2328604839181234 -0.1909924875823256 -0.6007796428129686 0.7405144735236810 551918.4189710221253335 4182564.4772807913832366 -1.1783434246899560
0 0690 -0.4119689800369323 -0.3090524191398986 -0.4993921548881600 0.6966890535578023 551984.0998205405194312 4182481.7289095087908208 -1.5162829785840586
0 0705 -0.2147571927751917 -0.1560728540411215 -0.5930606030938974 0.7601313922215557 552062.7174545042216778 4182708.3482489287853241 -1.2385874683968723
0 0712 0.4024459851563716 0.2720390442542524 -0.5253062453343860 0.6986310442897884 552149.8976880442351103 4182717.8092586263082922 -2.3965748623595573
0 0718 0.6131387035096881 0.5768244668357462 0.3576548053388847 -0.4042493103718555 552339.5504629809875041 4182749.5121725718490779 -0.1862087906629313
0 0726 0.0255307584533171 0.0389888496477925 -0.6475517293825462 0.7605950353174900 552518.4185116658918560 4182782.8207907737232745 -1.7082708711968735
0 0734 0.2123597971245455 0.1820662684900270 -0.5861584136893673 0.7603772119839626 552750.9946863532532007 4182827.5082970545627177 -1.1756221185205504
