# ["0 <image name> <1x4 quaternion> <1x3 camera position>"] x 442 images. 
0 0000 0.0885486745334241 0.0907134872740731 -0.6642465925942150 0.7366862695149986 553103.7760984625201672 4183099.1361276684328914 -1.3120538400881581
0 0001 -0.1537692434017592 -0.1529346474533395 -0.6420498273588365 0.7353489189360801 553052.2474485351704061 4183088.8420876171439886 -0.9804242625638317
0 0002 -0.1362714877740655 -0.1228642777060778 -0.6478021464444752 0.7393827357637839 553010.8365556419594213 4183081.6225504288449883 -0.9181555900500963
0 0004 -0.2412710985253300 -0.2179766634929734 -0.6466231553034165 0.6900383512633952 552952.2427759058773518 4183070.9783938499167562 -1.0264655834707765
0 0005 -0.1238123778498546 -0.1178575229178148 -0.6797272184367524 0.7132678374208928 552917.6824734895490110 4183065.8886261647567153 -0.9456651985081186
0 0007 -0.0320292892103840 -0.0457923165518328 -0.6808661153613099 0.7302729088021092 552788.8547691009007394 4183042.8710996904410422 -0.7798251745762906
0 0008 -0.0279429488383426 -0.0582218931548253 -0.6938814489032163 0.7171875191577578 552759.4812868561130017 4183038.7442189734429121 -0.6490297408504550
0 0009 -0.1935453231518694 -0.1949204890884405 -0.6563699516983459 0.7026554613230248 552664.0943230980774388 4183021.5538936047814786 -1.0467692379412830
0 0010 0.1191927724849266 0.1138329709501767 -0.6018676680754352 0.7814028716593321 552665.1089698929572478 4183016.0986732780002058 -0.2748291904395345
0 0011 -0.1180274451814588 -0.1154742301767301 -0.6597110561439110 0.7331551996340985 552614.0430479455972090 4183014.4939145501703024 -1.4529405510973057
0 0012 -0.2463760443844639 -0.2281036423811321 -0.6101419572433110 0.7176310786868326 552602.7794301643734798 4183011.5855470811948180 -0.8361852174243316
0 0014 -0.2004708686772310 -0.2320916307860171 -0.6031005063241850 0.7363522832193807 552443.3762639568885788 4182989.3909440459683537 -1.7883222800610754
0 0015 0.0740334868913059 0.0057637337273057 0.6578895951150305 0.7494445295227772 552339.8643691081088036 4183060.1279391702264547 -0.1074286045868691
0 0017 -0.3943938487306743 -0.1019474382783272 0.8088928215778572 -0.4239724225839524 552412.3912649193080142 4183084.0386015400290489 4.5998440634907123
0 0018 0.8383934940218282 -0.1514608746915389 -0.5197457659312711 -0.0634057680030867 552413.8760984763503075 4183077.6055851718410850 8.0094715824184597
0 0019 0.2245547095836463 0.2778715796658221 -0.2718245080345785 0.8935737263648615 552492.6674215765669942 4183094.0806510322727263 -4.2989951406308817
0 0020 0.4272289439170195 0.3633753343758724 -0.5566859343587320 0.6128087556741483 552691.9294993870425969 4183130.1951716910116374 -0.9863614433141867
0 0026 0.6839990593072939 0.5598210511390598 0.2867342368202323 -0.3694985182695791 552811.6365569670451805 4183234.3872503610327840 -1.1313056999392670
0 0031 -0.2708813706782676 -0.2398223597121023 -0.6017593191059498 0.7120352796419583 552281.7822921589249745 4183112.8177368957549334 -1.0229548611376065
0 0032 0.7057775496697597 0.6245893125016637 0.2150050608102695 -0.2560059656436438 552280.5682008350268006 4183111.1792936255224049 -0.9963089165775864
0 0033 -0.3716226287063487 -0.1177730257560665 -0.5342402707704429 0.7500756483122663 552290.8647417994216084 4183043.9700082126073539 -2.0055078941424900
0 0034 -0.2114509539749747 0.3993641273598718 0.7446120505407735 0.4912735152080798 552288.3581964812474325 4183016.6707886117510498 1.7110977672257286
0 0035 -0.4203629062491271 -0.2846525156532994 -0.5265665324891257 0.6819060162042534 552297.2909880616934970 4183013.5031653228215873 -1.2478506732227084
0 0036 -0.4456651566317312 -0.3364203822088155 -0.5220988760679163 0.6446833802988075 552299.9458384012104943 4183002.3846160373650491 -1.2825993678478222
0 0037 -0.3891236350701652 -0.0732904418102305 -0.5324049211040000 0.7481686613921608 552302.1965709634823725 4182987.6167219784110785 -2.4169220087036019
0 0038 0.6051372475023994 0.1545294944836121 -0.3390987969823127 -0.7035207955484476 552297.3733896198682487 4182987.4253546460531652 -3.8137802086812735
0 0041 0.7124517357664176 0.5390791693861404 -0.2673269477274761 0.3610297444201504 552424.9641132154501975 4182984.2652767826803029 -1.6727951754834027
0 0044 0.7758028095026732 0.6109091307922969 -0.0947529340950777 0.1262613011287825 552501.8527789612999186 4182977.6743979663588107 -1.1329905355926542
0 0045 0.7652373732446612 0.6168722722183178 -0.1192579517857068 0.1402066449698398 552540.1552763495128602 4182982.7477702745236456 -1.3417483220237527
0 0046 0.8302642648891616 0.5559725230678487 -0.0389809550092027 0.0060240508132957 552698.9721013372763991 4183011.2780492980964482 -1.1288505034473231
0 0048 0.7819275371328641 0.5756701549547727 -0.1588853888221963 0.1787419846288340 552721.0254220927599818 4183012.5422049025073647 -0.8499441609203049
0 0049 0.4982466637163176 0.2863183533863402 -0.4594334798743300 0.6772687355697569 552717.6532124013174325 4183013.8402581820264459 -0.9638882078339049
0 0050 0.4886287064190523 0.1820703315335275 -0.4840515437610551 0.7026994507329963 552723.0661843654233962 4183010.5666717654094100 -3.4476918772683853
0 0051 0.7597239192210872 0.6463006884834439 0.0059555511401539 0.0712707376122509 552830.2401388699654490 4182899.8084131511859596 21.5411283643229972
0 0052 0.7184264643988902 0.5301038401718091 0.2592853519915722 -0.3682722364352460 552848.7320685184095055 4183035.4766928162425756 -0.6893087741462666
0 0053 0.7469794518843977 0.6047774472888217 -0.1878317575239105 0.2024479404162458 552849.6330571658909321 4183035.5296707842499018 -0.8461578800088180
0 0054 0.7660321475203643 0.6399114750301518 0.0335839870768234 -0.0507953629979920 552891.3158962812740356 4183040.3364248969592154 -1.1837467570983438
0 0055 0.7475787263036514 0.6273008811701348 -0.1509241710436092 0.1576120143142080 552894.4958883833605796 4183042.9374759737402201 -0.6508433666206435
0 0056 0.7739518034994513 0.6327977125088596 -0.0194547567355097 -0.0136811309424164 552917.1124631786951795 4183046.4711429211311042 -0.8155957123612111
0 0059 0.6857277425147028 0.5417569262923998 0.2982367886287299 -0.3838381408509235 552950.0573830888606608 4183052.0939735262654722 -1.0666301109370571
0 0062 0.7624136282310852 0.6440253143291590 0.0370905002247441 -0.0508050074679546 553101.3598482538945973 4183076.3283035364001989 -0.5849625607523068
0 0063 0.7509961493279345 0.6007274640150592 -0.1934298910871135 0.1942065264265798 553102.7428184171440080 4183077.4423950640484691 -1.2918898723718317
0 0067 0.7620051592951320 0.6002219211986989 -0.1398483765914516 0.1988069769522157 552696.4399534671101719 4183619.6543723409995437 -0.8333043832787153
0 0072 0.7522736613820111 0.5674803660393336 0.2397941136491994 -0.2335576066197846 552458.0023056865902618 4183481.3060621111653745 -1.9413082876965833
0 0073 0.5359639943862947 0.7957224476984884 0.1671113354904429 -0.2272491683171025 552426.5752411778084934 4183474.6061129979789257 2.0451066175750245
0 0076 0.7296653337265218 0.6429756486130188 0.1585869664020528 -0.1703554816723715 552274.1404029562836513 4183448.5862656133249402 -0.1246022298986968
0 0078 0.5548800803042705 0.8085700867073252 0.1431815850563709 -0.1334973767152415 552174.9134468854172155 4183433.4313197736628354 2.3918840691583072
0 0079 0.5312754518582393 0.8342880299466107 -0.0204821846925023 0.1459121566246264 552115.7381039985921234 4183422.5972106386907399 2.0796010826980762
0 0080 0.0845394613923319 0.9526145669515300 0.0589412473275306 -0.2861896148757295 552114.8037178890081123 4183430.3148581469431520 7.3958750161014422
0 0082 0.7439073628270927 0.5906304469024688 0.2312677516155704 -0.2104108784880410 551974.0616046459181234 4183405.3405226054601371 -1.5150915796924580
0 0084 -0.1554820081677533 -0.1914433153168224 -0.6320217102385439 0.7346586690047103 551916.3283054977655411 4183403.6196767464280128 -0.8617716452877189
0 0085 0.3261212896420043 0.2945338923908955 -0.6265273988938729 0.6437065395897283 551917.9009303135098889 4183403.5699907802045345 -0.7051911542663363
0 0086 0.0479728197821858 -0.0090080336892069 0.8184547583821558 0.5724939087804741 551857.6475210126955062 4183280.5429260246455669 1.8426579108471945
0 0088 -0.2022631182056181 0.1939292573480903 0.7811920340037386 0.5578710241710619 551916.9486038300674409 4183292.6458529164083302 1.6849037039901336
0 0089 0.2156651137664558 0.1942943204276817 -0.6383342609832674 0.7129289223719945 551961.8523954499978572 4183308.2139341714791954 -0.9073225224453898
0 0090 0.5311890468476959 -0.7465700281111237 -0.2901192952244930 -0.2762284999301053 552037.2715391018427908 4183320.8302796250209212 2.1312720865935613
0 0092 0.6501935778003278 0.5477237039982819 0.3457139470145787 -0.3971511656924678 552104.3863953152904287 4183322.3962720078416169 -1.6848782572140977
0 0093 0.7204219144573193 0.6607083552135816 -0.1058940335953138 0.1823271460028076 552146.9640008702408522 4183327.9836427127011120 -0.7429881974749968
0 0095 -0.4436229776584225 0.7876069414629989 0.3354508963344539 0.2652294395446828 552263.5022369389189407 4183359.3705030307173729 1.7749991170128743
0 0096 0.6583959977499151 -0.5911051563805101 -0.3747757917700051 -0.2768618972528222 552322.8556713046273217 4183370.9093842608854175 -0.4462432877816494
0 0099 0.8439697785055827 -0.5266212811842561 -0.0706773718942840 -0.0734149049935182 552467.8913865732029080 4183393.4187953877262771 -3.9884689273552243
0 0101 0.8909252796573385 -0.0569157923039607 0.4164760359903136 -0.1719315273581334 552525.6400687412824482 4183396.3691225363872945 -6.8148507925196009
0 0102 0.8356398943649963 -0.5476850309751103 -0.0034114954658611 -0.0416585584260496 552553.1152457121061161 4183404.2524421936832368 -0.8304433703532074
0 0105 0.6821963315078231 -0.5230669589708107 -0.4438688497010106 -0.2529615899210749 552652.3240481343818828 4183424.2856528582051396 -1.6205390297316380
0 0108 0.6193824324138686 0.7839294656490500 0.0417163341013933 -0.0089298809295057 552754.5311915263300762 4183324.1914662038907409 2.6866437374524423
0 0113 0.5994956727264275 -0.7936269737427076 -0.1023422553838817 -0.0169484152989186 552301.2208164309849963 4183266.3619504771195352 1.2666733608794567
0 0114 0.9378204346558303 0.1780279993712053 0.2240373143641760 -0.1964844655703710 552210.6195709388703108 4183243.0370551375672221 -3.9745441801885515
0 0115 -0.2861010245488295 -0.0252750524027529 0.9560513020353573 -0.0589350136759423 552134.3851952684344724 4183235.8858664892613888 13.5466111681236487
0 0116 0.8590929116328392 0.1975355757174324 0.4136072212659692 -0.2277457618153118 552121.8692267677979544 4183227.2680812808685005 -4.5964671547493730
0 0118 0.9515810753453037 -0.0299702280524601 0.2892556665619627 -0.0996313295954323 552065.3579095675377175 4183220.4377196058630943 -5.1989725790232590
0 0121 0.6448525550904975 0.5712481490512966 0.3455492428975054 -0.3720704975292796 551979.7684492364060134 4183200.7510172203183174 -0.4405552481297457
0 0122 0.2302926517621272 0.1898960979336497 -0.6521558053945292 0.6968483134973881 551844.0001261834986508 4183498.2947773747146130 -0.2473918780381275
0 0123 -0.0386247717132798 -0.0552714139928368 -0.6611248722565856 0.7472396543874279 552055.5147446950431913 4183536.2695000106468797 -1.6844420591433595
0 0124 0.2006503940378377 0.1689358894378653 -0.6369915136965187 0.7248737104564597 552116.7604474110994488 4183544.1000022236257792 -1.1567206757868844
0 0125 0.0433981559620146 0.0258584852207035 -0.6395147958904612 0.7671171779059369 552182.9527025650022551 4183554.7176558258943260 -1.8997413828410998
0 0126 0.7820021073893473 0.6151242468820959 -0.0785138654923444 0.0626932042713099 552353.6904230462387204 4183564.8841528506018221 -2.2327621761926246
0 0127 0.6472193234390263 0.5575172577188666 0.3460371413132691 -0.3879947828831009 552353.0418618994299322 4183564.7951223812997341 -1.2786855676282942
0 0128 0.7830703539649083 0.6122818308413164 -0.0741875942089523 0.0800498671352221 552385.2228257682872936 4183568.0333889084868133 -1.1306467579911093
0 0129 0.4884767253782024 0.4462668900924611 -0.5182912522771645 0.5418584034449961 552476.3786666558589786 4183584.6071517406962812 -0.8676682796570492
0 0130 0.6840764608005721 0.6404645251119950 -0.2376243370382677 0.2556936884218182 552476.0576294923666865 4183585.0580236548557878 -0.7597055957272928
0 0131 0.7266088383212589 0.6241952664002213 0.1889167944471341 -0.2161719468643125 552474.4735988115426153 4183585.5456168297678232 -1.3914922983918656
0 0133 0.7339118371638327 0.6767121206453058 -0.0297634610045083 0.0504802677446766 552641.2169476128183305 4183610.8677855459973216 -0.5026890983920247
0 0134 0.4095286218030550 0.3669615052055332 -0.5292799633742392 0.6461333314355048 553334.7498259961139411 4183332.7416990404017270 -1.3932892843634654
0 0135 0.3873338107410758 0.3474937954037689 -0.5176423474693168 0.6791663853578980 553322.7082245055353269 4183332.9662917079403996 -3.2944055990460832
0 0152 0.7649812970299467 0.6262578330226790 -0.0650287464095294 0.1355581200538127 552947.1995158960344270 4183853.9594054985791445 -0.2537370186115029
0 0153 0.0697910956564258 0.7253235367137326 -0.4679650991632226 0.5000436341173773 552930.9396357157966122 4183870.6716779442504048 -8.5103294687726354
0 0154 -0.0501476143452846 0.8171423796221495 -0.4392431794149284 0.3699040112493953 552911.9100167315918952 4183889.3607678902335465 4.8699644765827861
0 0155 0.5719122428343436 -0.7297128490372210 0.3092586429141864 0.2116474337880063 552916.9285138521809131 4183893.2185626477003098 1.4939712513086560
0 0156 0.4625147323268076 0.8239734485836268 -0.3269465734997383 0.0159316190843006 552888.0286392595153302 4183932.7262113937176764 -5.1011327811330176
0 0157 0.6371731929108942 0.6758729857502752 -0.2830148982756641 0.2389740503124974 552874.9613164026523009 4183958.2593531589955091 -2.5871600206777545
0 0158 0.7308396925038031 0.1542448238613033 -0.4109593212594478 0.5226799349916886 552872.7505677323788404 4183960.1739627742208540 6.3251460039314384
0 0159 0.0169270236448426 0.8874930179099024 -0.4586055355588727 0.0418399544270806 552857.9121499279281124 4183963.3785996828228235 -6.2182946047016587
0 0160 0.7517246673868234 0.2142240253721814 -0.3368167041348995 0.5249500921146810 552739.1447023893706501 4184130.1956912386231124 -2.1266945778217092
0 0161 0.3739208908219895 -0.4465027182649752 0.6124511589884571 0.5345297632897289 552701.6529037185246125 4184168.9483960904181004 0.7827747259069624
0 0166 0.7651384749333290 0.6436809880636407 0.0012938641038221 0.0153726188513002 552538.7962552814278752 4184354.1773922974243760 -1.0530282836182396
0 0170 0.5808575470589658 0.4593957365234466 -0.4462953162068346 0.5023749177860726 552369.2106939952354878 4184515.0464760139584541 -0.7617141757557097
0 0171 0.6035873150162349 0.4609666544874841 -0.4324330865612105 0.4859976566293853 552363.5446764649823308 4184516.1229547513648868 -0.7066359417112028
0 0172 0.7736634039225077 0.6329695703123895 0.0209295296136443 -0.0188789639477164 552343.5432436154223979 4184527.6631577727384865 -0.8425637216938794
0 0173 0.7631226380873010 0.5736751104193542 -0.1868324361770043 0.2315909059444811 552336.4068223689682782 4184532.6162677318789065 -0.6661941934014404
0 0174 0.6092790695638005 0.4644073238426641 -0.4195503501034998 0.4869110356941969 552328.3828815647866577 4184539.0816986444406211 -0.9234494773017303
0 0177 0.6066036567030211 0.5575649008100462 -0.3855029506035807 0.4153803800556063 552209.7236991886748001 4184571.0583053668960929 -1.1337145924771108
0 0178 0.6913599383909903 0.6124190355361813 -0.2494585777481884 0.2910923882357470 552236.2585065641906112 4184555.9183109528385103 -0.3052075424911768
0 0179 0.6964770564527618 0.6452574866845614 -0.2158386976140344 0.2279827676046956 552314.3926666729385033 4184505.2193147735670209 -0.9692205308530604
0 0181 0.6988655254615380 0.6412104466921473 -0.2222123476404178 0.2259597595377529 552353.1222508463542908 4184479.5157616958022118 -1.2726481923068949
0 0183 0.6940676844302107 0.5968592439323137 -0.2644306102790077 0.3034889531922106 552407.1696171483490616 4184435.6127706211991608 -0.8411494139249280
0 0186 0.4828913507331331 0.6766837190228390 -0.4192076050669474 0.3649384491261289 552716.6267401899676770 4184120.4102687649428844 10.5297155730444842
0 0188 0.5828210906885106 0.5666798377816100 -0.4130271895633212 0.4106118448930542 552827.9131230609491467 4183948.5277927550487220 0.0300457916764236
0 0189 0.5825461854548681 -0.7498740565678311 0.2623369288979199 0.1717794424105963 552937.8966777074383572 4183903.5063752741552889 5.1898833167902740
0 0196 -0.1746560561503694 -0.1359914114197363 -0.6081266917274412 0.7623539386071850 553345.3862911757314578 4183208.4358943132683635 0.3235384600429315
0 0197 0.2324871126899279 0.2394244239916544 0.6698061737749926 -0.6633139388729496 553364.3348566652275622 4183192.1440780987031758 -0.4331489162835875
0 0198 -0.0930507124532167 -0.0915112198407445 -0.6573584390490845 0.7421907740981455 553378.8231791537255049 4183173.8338651573285460 -1.1270188855709764
0 0203 -0.2432499189091447 -0.1648678070889153 -0.5662871578606939 0.7700434649930121 553438.3800827485974878 4183194.3202524096705019 -1.1405706167804763
0 0206 0.7742882770729815 0.6308674131052461 0.0368122849604140 -0.0335980169837692 553411.2038130033761263 4183230.5115223447792232 -0.9180868001216266
0 0207 0.6846801734835680 0.5649405146141195 -0.3009405443732469 0.3485542537034568 553354.2814594894880429 4183267.9167857957072556 -0.6001047152350418
0 0209 0.7544563116787136 0.4837953167308039 -0.2404989489914900 0.3726902478083932 553345.2910526749910787 4183258.5522419582121074 -0.8342041485934423
0 0225 0.7011580679503572 0.7034646446923365 -0.1104094573860595 0.0363951801166469 552947.3118544794851914 4183853.8102589184418321 -1.8738401732426246
0 0226 0.4124543697846816 0.7702663885168523 -0.4070973391604184 -0.2661631830573751 552930.7214162457967177 4183867.3284034538082778 -7.3109256586257674
0 0227 0.2955189270743883 0.6057147288279000 -0.5104973959457072 0.5340137074592730 552933.8484167156275362 4183873.0743249445222318 -5.6235677373389157
0 0228 0.3604534848546008 0.7779053456441147 -0.4391428943925606 0.2684959530030364 552909.6998965999810025 4183888.0878518349491060 3.1290023210530831
0 0229 0.5683659591507598 -0.5571349312033311 0.4360673816806471 0.4200071946358551 552874.3677925324300304 4183929.6959325233474374 1.4189650849543831
0 0230 0.8915108817727629 0.1743473687137776 0.0668434261801507 0.4127266638828070 552872.7127469298429787 4183953.6041019237600267 7.7569272507867550
0 0232 0.7733389676724401 0.2311900403277151 -0.3056914190251398 0.5050255069469171 552739.3238266615662724 4184130.2159967711195350 -2.2070487449069804
0 0233 0.2320865075114734 0.7079542875243431 -0.4852833596613983 -0.4576424812479418 552706.4080783947138116 4184172.9590757777914405 -8.7488598181689827
0 0238 0.7673461608557571 0.6394781151586751 -0.0191161881994243 0.0433841100146449 552386.2537732949713245 4184503.7521238750778139 -1.1687709593033460
0 0239 0.6289963270408527 0.4709342588230387 -0.4092693732805436 0.4637705515990239 552369.2504319138824940 4184515.0234547932632267 -0.4125597350292197
0 0240 0.6062689819531879 0.4669058585307784 -0.4289677062884884 0.4800245282823319 552363.7462537128012627 4184516.0727442349307239 -0.8473216163415853
0 0241 0.7669856430155360 0.6400922445802112 0.0354591391708082 -0.0275243762068687 552343.3774229194968939 4184527.5845847050659359 -0.7454336552176892
0 0242 0.7778095892554119 0.5763301478888612 -0.1512185163176848 0.1999719075755613 552336.0836333144688979 4184531.7477885866537690 -1.1719375892659010
0 0243 0.6190473294648392 0.4799146287686090 -0.4141503436077150 0.4636182113182685 552328.2518697256455198 4184539.0450774244964123 -0.9385736060182670
0 0245 0.7441907306997815 0.6672681724300077 0.0086887838536574 -0.0292890757783553 552273.1196157839149237 4184554.9242153293453157 -0.5648426509614433
0 0246 0.6403442834129862 0.6009647098600818 -0.3280092604286118 0.3481530440762671 552273.6953247935744002 4184555.1003195052035153 -0.8000623343563987
0 0249 0.3113689012705096 0.2465477271805245 -0.5539909960884057 0.7316813518973526 551890.5128209160175174 4184658.7503335415385664 -0.5657154979683450
0 0250 0.7118829087523852 0.6396206285707784 -0.1959973259837771 0.2137597341413356 552314.4118225761922076 4184505.2119074570946395 -0.8963434771832505
0 0251 0.6721115327395700 0.6257006956824314 -0.2724374207022120 0.2873022429117346 552330.9202028897125274 4184494.1957635832950473 -0.9507888215657431
0 0252 0.7045734554252664 0.6227367794676848 -0.2215840971548177 0.2582162607126062 552354.4183044136734679 4184480.5023813783191144 -0.8920889564810367
0 0253 0.7317808707696674 0.6814469074928980 0.0064927280642644 -0.0092040168533356 552375.7541344498749822 4184467.4388151047751307 -0.4856655944464716
0 0254 0.6622139636645793 0.6213038060099376 -0.2897170674581304 0.3025198634613503 552406.7906856174813583 4184435.6456359438598156 -0.9791255494211527
0 0256 0.1255901241983766 0.0948250019099407 -0.5886361206250260 0.7929330689036774 552598.3504842045949772 4184264.0585020813159645 -0.8225377486079798
0 0258 0.6045996644712214 0.5615470492550981 -0.3890480720631422 0.4095921808930769 552713.0393084551906213 4184117.1806483059190214 -0.6494361161611534
0 0260 0.8056011689367648 -0.4489280693960714 0.1335493240444550 0.3628152741593213 553019.9577733629848808 4183828.6481268331408501 -36.1827908929120525
0 0267 0.5536986913935267 0.4577065620391857 -0.4562282281823625 0.5251459458076377 553254.7444290649145842 4183338.0686081410385668 -3.0574178332117974
0 0268 0.6236034925882334 0.4698274184245139 -0.3936952032778701 0.4851648872747391 553274.8052001739852130 4183307.4573968532495201 -2.7827803674182396
0 0269 0.6564822948652127 0.5008731339873684 -0.3604564054026935 0.4338528321704777 553311.0488600172102451 4183243.7863969588652253 -1.0599154262925432
0 0270 0.7184186731852500 0.6052124033379681 -0.2220333926126193 0.2613306897965796 553329.2565160485683009 4183222.0951914754696190 -0.5757622889135382
0 0271 -0.1911025294272806 -0.1480354307229346 -0.5948227879358472 0.7666493236476485 553348.7923182628583163 4183210.0581131414510310 0.6271086711795535
0 0272 -0.2616755869569794 -0.2329983051295520 -0.6083961229342848 0.7121038095695620 553377.1170851292554289 4183208.0490947412326932 -6.2209992499891440
0 0273 0.0338877144626406 0.1326424964136675 0.7158984308272999 -0.6846510302549760 553378.7783006345853209 4183172.4993059616535902 -7.0100567625269141
0 0275 -0.0601264266402895 -0.0194689814334429 -0.6038016061190419 0.7946253154974862 553063.7563951358897611 4182981.3032552273944020 -0.9260662486375221
0 0276 -0.1062410380190496 -0.0708106506536421 -0.6000271019526970 0.7897253766448754 552992.6597628046292812 4182903.7213922226801515 -1.0804978880826488
0 0278 -0.4705705265605822 -0.3766282585410057 -0.4841125044026219 0.6343103501365503 552973.6635119852144271 4182887.5496999728493392 -0.6206252762225116
0 0285 0.8477368373390181 -0.1886993786563469 -0.2994086983099644 -0.3950813266740769 552904.7228811375098303 4182811.1267141876742244 4.0387092501914887
0 0287 0.6504577355330626 0.5243076362803006 0.3118038073494934 -0.4525313497932762 552900.1121699766954407 4182814.1638384140096605 -1.6007432517338482
0 0291 0.6321153127759322 0.5155224770411083 -0.3609841667059630 0.4520590322928651 552872.6026276336051524 4182785.8500339891761541 -1.1610907969096191
0 0295 -0.3541355586564062 -0.2642370903273911 -0.5845884612509498 0.6804580393633622 552807.0111917360918596 4182724.2681983811780810 -0.2195622609862084
0 0296 0.6162110809639213 0.5212930656336958 0.3633309810255282 -0.4653257492429210 552788.4477768479846418 4182720.6231174669228494 -0.7759510022011809
0 0297 -0.0041474953421470 -0.0014725471339413 -0.6182042228224071 0.7860051964025867 552787.2307348852045834 4182720.5255063758231699 -0.6847017786568353
0 0301 0.1302718238228092 -0.2107321055330966 0.7698625323252954 -0.5881606230150402 552788.6600035397568718 4182692.9374623321928084 -0.0227173200293467
0 0303 0.6590645185657198 0.4653000272881107 0.3730342689043767 -0.4582305960937099 552790.1772509472211823 4182676.5467128260061145 -0.8788854220116792
0 0306 0.7794991812215573 0.6019553627187424 -0.1048086902273563 0.1380069064282473 552771.1624391662189737 4182705.1415969114750624 -1.1178718449176808
0 0308 -0.2286086930186917 -0.1488027800568213 0.7780406017469454 -0.5659051335311402 552744.8060377397341654 4182715.0459414785727859 2.4495941788471245
0 0309 -0.3774715421832560 -0.1218276417021670 -0.6302211901934791 0.6674537526976663 552739.3198060387512669 4182713.0788073353469372 0.5281395616609604
0 0310 0.0076409528195920 -0.0580730790729999 0.7546482435761812 -0.6535098788804760 552728.9858977161347866 4182711.6766231041401625 1.6822402595282688
0 0311 -0.1275801746515698 -0.1095746954270060 -0.6597795937544984 0.7323985068411205 552714.1697118430165574 4182708.2183910617604852 -0.6694386060313540
0 0321 0.7682253089933082 0.4791783056065197 0.2998791178577910 -0.3004838443760897 552548.4588484299601987 4182669.3690533773042262 -2.3749512284446017
0 0322 0.6006389231692528 -0.6878416666800243 0.3353186476635451 0.2316638298958604 552544.3053780283080414 4182682.4260767796076834 0.1614938646388409
0 0324 0.3097277496373413 -0.3363619421603993 0.7756708257471508 0.4350449804967366 552534.3941006583627313 4182667.6609724787995219 2.4465537534264366
0 0325 -0.1152921099659930 0.1273108055286882 0.7898805045947190 0.5887176544290292 552506.7018941321875900 4182663.3921016398817301 1.1442321865733527
0 0327 0.7757908162854569 0.6145872889987652 -0.1289089428050099 0.0617544630563520 552499.4142526029609144 4182656.6474665389396250 -2.4399327186906894
0 0329 0.8164291184782893 0.5696096195151772 0.0060993208852328 0.0946105236839359 552498.7510862475028262 4182656.3662284826859832 -1.1921141850488783
0 0330 0.6103349734346433 0.6795527667816168 -0.1716594991632781 0.3690965642064354 552473.8923889993457124 4182656.0711332014761865 1.2593936121403488
0 0334 0.8000883065423866 0.4771151951780266 0.2620147004223962 -0.2521271287008434 552408.5539499818114564 4182644.5675765532068908 -2.9883618582062326
0 0336 0.6366843949362533 0.7444220768229841 0.1082978199768065 -0.1695297465682156 552396.4631833229213953 4182643.7795329703949392 0.8241935415195497
0 0337 0.2991298920587854 0.3710263036570478 -0.3237442811508407 0.8173435202493582 552396.4198191607138142 4182653.6750834584236145 -3.5577509976678234
0 0338 0.1936599086124047 0.1119462875783456 0.6987338009743302 -0.6795108121800759 552396.0456611798144877 4182655.5506209391169250 0.5421567656562943
0 0339 -0.1180640092217573 -0.0765742216835951 -0.5713987489153926 0.8085176238264449 552380.6118772126501426 4182652.3111423938535154 -1.5396197432790439
0 0340 0.7715448667129269 0.2383251410992859 0.4671257965617984 -0.3601570989935407 552362.9358749907696620 4182648.8684683232568204 2.2059716312152897
0 0341 0.3188418023411381 0.0493193384730501 0.8347547413669842 -0.4461972990704611 552357.9273461392149329 4182649.3512947470881045 4.1557936667339703
0 0342 0.0886069332077600 0.4029199239870949 -0.5741653068683332 0.7072047630708220 552356.7012067062314600 4182649.2042908784933388 -4.1055530070737190
0 0343 -0.4144343780756857 -0.1825270362794877 0.7958182916880924 -0.4019966093273580 552361.0795136766973883 4182647.8630169914104044 2.5007792360416001
0 0349 0.5740756837681479 0.1690883262939156 -0.7473142277503466 0.2887346397977884 552345.3271763426018879 4182636.4806285351514816 -7.7389979609567687
0 0350 0.9319612179838255 0.2236983544021454 -0.2785869952414732 0.0616167225207919 552340.2287269283551723 4182636.5031415242701769 -7.5511379926923503
0 0351 0.6772960664896613 0.7156063406223736 0.1192463976098894 -0.1223024948059198 552321.8660177086712793 4182628.1020458778366446 -0.4151367815603678
0 0352 0.7429640012650860 0.5527366933815275 -0.2099157756136982 0.3137228199578857 552294.7746750810183585 4182624.8418660969473422 -1.8483956919657372
0 0357 0.0838306233280954 0.0496828511726974 -0.6444865606133895 0.7583805865662032 552227.1119429114041850 4182638.2147270194254816 -2.1666381648315691
0 0360 0.4021831983632924 -0.3229948704826184 0.7455179927158624 0.4220496548193121 552190.3173918505199254 4182607.6461762776598334 4.0570412568228251
0 0361 0.1940918627494393 -0.1930701516427791 0.8436191814244161 0.4619079368141287 552171.2415504464879632 4182603.1182309007272124 4.2982308416873467
0 0363 0.2074151666650249 0.1376578097338388 0.6910765204968219 -0.6785591491348472 552162.1438394305296242 4182610.1214261357672513 1.0783411334429651
0 0364 0.1532693864641316 0.1163091454191336 -0.5983247351461612 0.7778098669836062 552134.6241791181964800 4182612.1779429507441819 0.0586944205342785
0 0366 0.7302510244520740 0.6290597678528472 0.1898742380875285 -0.1869893672546627 552096.1709986903006211 4182591.3984434120357037 -0.4919926443217095
0 0367 0.6499153075207430 0.5472265199815191 0.3302528971157240 -0.4112009883570387 552084.8576359474100173 4182589.1502661774866283 -0.8087768859777548
0 0368 -0.2953587751525699 -0.3404031500445404 -0.5983856508269010 0.6624375616192082 552081.9909043530933559 4182589.1760891913436353 1.4600670411615233
0 0369 0.7546715772876662 0.6431170864214010 -0.0578060742712953 0.1163171585121297 552080.5995513709494844 4182587.6081303805112839 -0.5602985994910086
0 0371 -0.2364901455891263 -0.2067041923898599 -0.5677557115452074 0.7609199957258876 552077.2793933924986050 4182605.8320759464986622 -1.7526412230529786
0 0375 0.0826508785561441 0.0479380133752840 -0.6020382957101863 0.7927298844158095 552050.1608521622838452 4182596.7735518775880337 -0.5928695479521595
0 0376 0.2818317791852842 -0.2209313976931272 0.8763739595629535 0.3220696333940364 552031.4532074575545266 4182582.1511874822899699 5.1614179474027937
0 0377 -0.1168310606796590 -0.2772153609714115 -0.3490591172217506 0.8875020448350122 552011.9344850215129554 4182589.9385378141887486 -6.0025510389276713
0 0378 0.4725796750500226 -0.0095628223629109 0.8222513255441636 -0.3169854267926781 551992.7925619751913473 4182582.5248516066931188 4.4835808987570926
0 0380 -0.4061167783323711 0.9094226604959190 0.0795940567138258 0.0410411143768818 551987.9743765963939950 4182586.5508564841002226 4.1443952192244362
0 0382 0.7810842603114712 0.5821050833318453 -0.1222123735002036 0.1900662674341610 551962.0312742048408836 4182568.0443038544617593 -2.1404443577240753
0 0383 -0.0432001100841457 0.6540568369576347 0.7103938116522744 -0.2562889750445708 551925.4511463028611615 4182564.1820748732425272 10.6330533250878538
0 0385 0.0552819766139576 -0.5663617276080093 0.1856029033440157 0.8010804321869289 551934.0343832987127826 4182573.2295673931948841 8.3551021854282794
0 0387 -0.2856676285470006 0.6821785953458910 -0.5288507248466277 0.4163452083754035 551919.5082734569441527 4182581.7706262338906527 -6.7097271826563922
0 0388 -0.4015886715698980 -0.2496428133208525 0.7049885387450254 -0.5285793836900267 551916.3205263974377885 4182577.3502048128284514 1.9987563719830368
0 0392 0.5318159841799578 -0.6755673472465001 -0.4951973439886836 0.1247400374198318 551943.0128429237520322 4182486.0714065642096102 -1.1251086171378137
0 0394 0.6741064804796757 0.5221637066807866 -0.3347304388713911 0.4010998174755488 551936.0066173602826893 4182473.7854573437944055 -0.5379509532820951
0 0400 0.9038232749479564 -0.4006804503951000 -0.1090599610694361 -0.1032694949807095 552044.5732162308413535 4182491.0481123691424727 -5.3718809700331862
0 0401 0.3307226618518747 -0.4561131230462696 0.6543870198594209 0.5043422019725003 552105.3345660137711093 4182487.4657428073696792 1.7426233386566004
0 0402 -0.3388390540306081 0.0387480550993063 0.6945190752712339 0.6335060840837050 552093.0670017928350717 4182486.2072524353861809 5.3729776358065022
0 0403 0.2519836847082750 -0.4232021685316375 0.6909652915831201 0.5291229731846776 552091.5046355299418792 4182482.6169894393533468 1.8388860868383676
0 0407 0.5600833930746182 0.4324277726590445 0.4271816070817375 -0.5628756033866912 552096.1259523311164230 4182501.7467683260329068 -1.4547656500479165
0 0413 0.7115500021303770 0.4988212190188346 0.1377375335188361 -0.4752918692490468 552236.9077898204559460 4182502.8453923435881734 -2.6719064253343534
0 0415 -0.2405964445953684 0.2787988103942752 0.7201108222348338 0.5880688299897814 552229.2074800952104852 4182507.9617730570025742 0.5396341635817591
0 0417 0.7653403140849890 0.6281908040167433 -0.0450408715387982 0.1326719159284040 552024.6036787014454603 4182684.0738493669778109 -0.9202857372394289
0 0418 0.7936813997847972 0.5930069066638554 -0.0370097377676962 0.1305485488045614 552003.2079830102156848 4182681.0222618915140629 -1.5625665693938318
0 0419 0.7505886957485837 0.4607256689327260 0.3506900959389032 -0.3183785866092365 551948.8807593059027568 4182671.2553368690423667 -1.9432570077554403
0 0421 0.6117918025046039 -0.1058341687779524 0.0024274367695904 -0.7839030722831460 551909.9995915699983016 4182665.5261772107332945 -10.0300092757675205
0 0422 0.8069975971440995 0.5878812771370489 -0.0242236011484227 0.0506329867059454 551918.0703882375964895 4182666.2089364030398428 -1.3352614191774692
0 0423 -0.2325297064919461 -0.1575780227579981 -0.5996238052427741 0.7493666042672449 551915.2606309772236273 4182684.7024111016653478 -1.6707782599703993
0 0424 0.2395217609136452 0.1741807800144016 -0.6080310305267249 0.7366061687489525 551913.5212448032107204 4182684.8839777274988592 -0.8000911118353220
0 0425 0.3031716648535348 0.1956444409643701 -0.5764667458341739 0.7331413815199856 551934.8713862040312961 4182685.4946815175935626 -0.5217928471404026
0 0426 0.4108057046580060 0.3350517707228908 -0.4907885574145940 0.6914517885339484 551948.9326322842389345 4182687.3490580483339727 -1.1483024460004321
0 0427 0.3799121317834305 0.2945208738575114 -0.5266212298606788 0.7011378660762827 551963.1474826622288674 4182690.7379088876768947 -1.8129555991497217
0 0428 0.3798085568008867 0.3077629844042392 -0.5132407270628891 0.7054157367789441 551974.0014994478551671 4182693.5402561668306589 -1.6509110733098167
0 0429 -0.2447653993154680 -0.1826257161087216 -0.5860826825412573 0.7504963932884422 551988.7167418154422194 4182695.5404317290522158 -1.4486146727659488
0 0430 -0.1608171454113287 -0.0940795219620900 -0.6059528047474391 0.7733744809003257 552007.8380352557869628 4182697.7906887703575194 -0.9220340532117672
0 0431 0.2596430785117285 0.1900880636667150 -0.5293262051620280 0.7850259666795475 552044.0634592403657734 4182706.6536036035977304 -1.9930828611816729
0 0432 0.3875002296854038 0.2878438309170696 -0.5348197135670741 0.6935109047280927 552052.8228346911491826 4182708.3197300052270293 -1.9339722263422496
0 0433 0.5134932839953992 0.1875800797700682 -0.3561006548616177 0.7578460823757035 552100.9451741540106013 4182708.7527361651882529 14.5006963738456154
0 0434 0.3176000681337881 0.2074279185661604 -0.6044075647917435 0.7005678774702977 552124.6169104026630521 4182717.7102961647324264 -0.1777978865705188
0 0435 0.2737562001201239 -0.1726208230042921 0.9269473543068348 0.1898109499071930 552130.6759419109439477 4182706.7458142810501158 6.2559844830506890
0 0436 0.2040892239735963 0.0455334725244361 0.7690133416029231 -0.6040635496157899 552168.8297141727525741 4182723.2275048489682376 2.6825635203991869
0 0437 -0.0095129587763682 0.9320712744542943 0.0118465445591449 -0.3619562160461886 552196.1039594149915501 4182722.3810261390171945 8.4943088762537222
0 0438 0.9869546121733790 0.0277675292912057 -0.1566808694855967 -0.0245084263875633 552209.0454176157945767 4182722.1334166354499757 -6.7772536025233583
0 0439 0.9027622612632238 -0.0158353862656415 0.4081736140129741 -0.1347732948484837 552209.7182472246931866 4182721.8965438054874539 -6.7924653435510098
0 0440 0.9120952740325544 0.1732742140125175 0.3226232960094985 -0.1843162139308192 552238.5894063125597313 4182726.4865246159024537 -3.7476444641180744
0 0441 0.7857786786454540 0.6082375790138099 0.0236615186258457 0.1097225965694511 552253.2320538725471124 4182724.4119937345385551 -1.1594793003932751
0 0442 0.5238850494368928 0.7814465131063794 0.2102108169161211 -0.2658894781330067 552264.9251263957703486 4182726.6667593326419592 4.0431619523130600
0 0443 0.8365736928140278 -0.4080794776132184 -0.3522799111855696 -0.0975420966429902 552270.9149442421039566 4182740.3721184264868498 -4.8842203272685101
0 0445 0.4596011359156969 0.8271270099215753 -0.0058168882914970 0.3234097542341595 552328.0065118678612635 4182736.4033841202035546 5.1250863322817448
0 0446 0.2979420453871189 0.8399147316050801 0.1450215335046748 -0.4298168633770187 552328.7301848561037332 4182737.6483621117658913 6.8580208605496535
0 0448 -0.1795505250005862 -0.2388960982696162 -0.5740675026927500 0.7623232684076207 552341.9152779256692156 4182735.7043843730352819 0.6102038698151316
0 0453 -0.2374938122922506 -0.0593672932562620 0.9395447954179916 -0.2394322263549387 552343.3953072658041492 4182750.7919819885864854 8.0856787114254676
0 0454 -0.1235703130362495 -0.1411256438306438 -0.5119965146474835 0.8382562253740432 552364.3850639017764479 4182757.8847839981317520 -2.6164864090292439
0 0457 0.9040473838959538 0.3645765016124924 0.1759221856251151 -0.1372358799576863 552460.8181049786508083 4182761.2712833639234304 -4.6320242417861808
0 0460 -0.3772300235240727 -0.3158858247513316 -0.5509644805534452 0.6740562327480368 552482.8427681077737361 4182762.7684615328907967 -1.8851907341444296
0 0461 -0.2745885206058893 -0.2030013846636609 -0.5549258452285563 0.7585834787765663 552477.5003225397085771 4182776.3669509491883218 -1.0177281481506315
0 0462 0.1881944894009553 0.1007625196940647 -0.5270114123387213 0.8226109165630877 552484.1634543276159093 4182777.3439948270097375 -1.7904252296522396
0 0464 -0.0972483644165093 -0.0812965303429961 -0.6520590087280982 0.7474976113065740 552508.7757248800480738 4182781.5342258620075881 -0.8424091055034177
0 0468 0.6913560564295780 0.5339852270087170 0.3075939643696597 -0.3771903149047542 552568.4124526969389990 4182773.7737171803601086 -1.4728848531576764
0 0469 0.6538602784641963 0.6200852678333836 0.2735900029420132 -0.3363175689031336 552553.3470162191661075 4182771.9502892736345530 0.8824323467880897
0 0471 0.5907315994093338 0.6748556046129731 0.2492384185873433 -0.3653577713445128 552563.7907723026582971 4182776.3154488014988601 1.9578828042744578
0 0474 0.1726076329531251 0.8516955869679183 0.1458653965093241 0.4728049474010082 552591.2694018869660795 4182788.5022888965904713 9.1107322347398334
0 0476 0.1262769104378795 0.8898013056943711 0.1336562351742770 0.4176646849733581 552607.7052040155977011 4182790.3237454956397414 7.9514163410677829
0 0478 -0.0555443384172507 -0.4626903047799550 0.0887114441097765 0.8803197078427702 552607.1842987586278468 4182791.1451003295369446 -7.9079487504526442
0 0481 0.7664687727198018 -0.6012357880582834 0.2105736661307677 0.0818527869750550 552696.9016372913029045 4182814.8845080304890871 -2.5420456175027950
0 0483 0.4431924240117677 0.3789879166353755 -0.5010137440763467 0.6394793963662893 552756.5336129728239030 4182806.4489644891582429 -1.2784487658996300
0 0486 0.2214596346410496 0.3584130875689809 0.7758863509372648 0.4695700648790898 552868.8508093601558357 4182824.4777818592265248 -4.8003680977563992
0 0487 0.7046276012425275 0.5866761606638836 0.2555748093906253 -0.3065820328734749 552870.1855772458948195 4182820.7677317163906991 -1.1033535110083703
0 0488 0.7750291466013938 0.5997910436700481 -0.1073955816962283 0.1674715345473326 552867.0520515007665381 4182821.9098003143444657 -1.5370110348656232
0 0492 -0.0145679176923528 -0.0203062248605956 -0.6113589691140453 0.7909586865885166 552901.4101241009775549 4182815.3433222388848662 -1.2989333046550207
0 0493 0.7870773931768981 0.5132772958410807 0.1699118644109518 0.2969605353183051 552771.5822613154305145 4182809.8986388118937612 4.7142567306741183
0 0494 -0.3694300595847235 -0.2935228099997692 -0.5406297684929396 0.6964806132021670 552751.7323530103312805 4182912.2930392459966242 -1.5069312915475968
0 0495 0.4050834625570630 0.2936189704714398 -0.6052557738386328 0.6191613172486392 552732.0803366698091850 4182922.5168013698421419 -0.2347330849787591
0 0496 -0.1651319997225340 -0.1292419800460664 -0.6158731131157155 0.7594262625431402 552729.0524795304518193 4182924.6692666849121451 -1.1054853257569655
0 0497 -0.3463965229961733 -0.2906012887593404 -0.5478524503366220 0.7038594582637969 552707.8084093511570245 4182920.4943206175230443 -1.8214256418247265
0 0500 0.2502762748637152 -0.3567122715251658 0.7523169448432261 0.4941027327180870 552668.9201583267422393 4182897.9499934217892587 1.6038612678102107
0 0501 0.2775489866659230 -0.3586225960334590 0.7066372856242644 0.5431575673174285 552669.0373161697061732 4182898.1551099228672683 1.6317144394096581
0 0502 0.5408393986993032 -0.6581081908034271 -0.4152199669301926 -0.3193410663596041 552662.3270176793448627 4182909.5557911917567253 0.9488894482636634
0 0503 0.4068965161112722 0.8969772854063220 0.1127106625426257 -0.1310087065458519 552663.6390620277961716 4182900.3497312460094690 2.5366593004704776
0 0510 -0.3058315403533480 0.7691687723765458 -0.5527072850988710 -0.0967529201417516 552467.6992953381268308 4182863.8245233204215765 9.8540311592027781
0 0513 0.3560751924060878 0.9159308723776619 0.1026938111192282 0.1540619211105425 552328.3828507562866434 4182845.1557063921354711 4.2198364792842158
0 0514 0.7822942431156890 0.6207838939225913 -0.0074758985622281 0.0508642537343220 552328.7879650441464037 4182842.8058167304843664 -0.9599445995391496
0 0515 -0.3398607981927444 -0.3221687406881477 -0.5724577574658560 0.6730484738132058 552328.2714497627457604 4182841.5505949184298515 -0.9277006625768132
0 0516 0.7495755159296889 0.6343783357164539 -0.1254431524741507 0.1412964298979006 552318.0522407649550587 4182840.3947026324458420 -0.5809639139712672
0 0517 0.7232578557942465 0.6171702285249183 0.1985378290546965 -0.2378691199700696 552316.4630073086591437 4182836.7641419605351985 -2.2579429011298324
0 0518 -0.3520247997888156 -0.1853637543212235 0.6797516321779673 -0.6161627524193383 552311.1664739182451740 4182853.9148503821343184 1.5450204383516148
0 0519 0.1258270005409758 0.0612841533678251 0.7215159817559226 -0.6781050851834376 552315.8964166009100154 4182854.7029432584531605 0.7945270454273513
0 0521 -0.1729660702487184 -0.1165592049108188 0.7963963660356396 -0.5676702550411646 552300.7619440139969811 4182850.5537159191444516 3.6206539187449982
0 0522 -0.2345483807999782 -0.1355955609977910 -0.6078900609120939 0.7463716147118127 552189.2318479832028970 4182835.3448424893431365 -0.9258787938322355
0 0523 0.2685056261234596 0.1797536098942999 -0.5750856704671865 0.7515782363549516 552185.5875580311985686 4182834.0911613106727600 -1.5626548044043238
0 0525 0.1293114384216669 -0.4289665100472750 0.2616213860133087 0.8548804217735109 552584.8497983039123937 4182571.6499262112192810 -3.6667244675092547
0 0528 0.3193511534334165 0.0466698114686087 0.8212269946303387 -0.4705560463841184 552516.7478265190729871 4182567.2757438770495355 2.2883240628780754
0 0530 -0.2365823173277357 0.1267018534983148 0.8660860782766059 0.4217467900198116 552421.1122886320808902 4182544.1221119789406657 3.6805588732379326
0 0531 -0.0230063992801906 -0.0299321970694324 -0.6123252496916383 0.7897040950639865 552418.7404130155919120 4182553.5462388065643609 -1.4867475683678346
0 0533 0.4968870583776562 0.8606285567296846 0.1037178632609818 -0.0407963481283323 552406.3146899177227169 4182538.8412007284350693 4.8187159191604128
0 0534 0.8910712934678348 0.4155346734816929 0.1255944043343794 -0.1324723770901515 552396.9726704534841701 4182534.8279643333517015 -5.3012782043728981
0 0535 0.5250987687403196 0.7693620445719790 -0.0634677747931530 0.3582250256504010 552363.2998729100218043 4182529.4942742162384093 5.2304620305066116
0 0536 0.6247895757351196 0.7015715002321097 0.1926026059933273 -0.2834425025986315 552341.1133165666833520 4182526.9782135011628270 1.7808869617810072
0 0537 0.1476575890466724 0.9459381185876048 0.0975135074855867 -0.2718260989267314 552322.3810840842779726 4182529.2450448814779520 7.5320799286108455
0 0538 -0.0148877053471089 0.9001987120422661 0.1852686150376150 0.3938225175748424 552313.8147406553616747 4182531.6544924154877663 8.1841721627626676
0 0540 -0.0460882512321039 -0.2379536141062041 -0.3119720831705938 0.9186551964444344 552302.2909399480558932 4182530.6615386675111949 -4.1977210418321045
0 0541 -0.0707354482982297 -0.0986953038413914 -0.5441438570927392 0.8301585367518307 552280.5275140998419374 4182526.9633664987049997 -1.4720082622828730
0 0542 -0.0980777658854451 -0.0843591606377000 -0.6080638191551884 0.7832768831580752 552259.6820536808809265 4182525.9974582884460688 -1.2419877538169388
0 0543 0.7500765144612890 0.6546057247321662 -0.0536240006098454 0.0774663421111027 552244.4353192721027881 4182511.0742304259911180 -0.5078148311763226
0 0544 0.7034283455102728 0.5674671441100408 0.3346587572816316 -0.2667829567909208 552238.6301263122586533 4182506.9667075350880623 0.1649062683629976
0 0548 0.7049437061974770 0.3871896797204664 -0.1704204260139520 -0.5692939382671759 552087.6672862850828096 4182481.4716869038529694 -2.8641043066203169
0 0549 0.6016450892958332 0.6173202526442810 0.2698284591193633 -0.4291054434407453 552060.9172305427491665 4182481.7661092621274292 1.6053069507370561
0 0552 0.1282758534429828 -0.4028014181507178 0.2989513380310688 0.8555258267524668 551991.6909379443386570 4182473.7184138442389667 -4.4646937416658421
0 0553 0.2549423563844999 0.2430604711699870 -0.5803567500507051 0.7342424568785919 551949.5922533556586131 4182476.4039273718371987 -1.3134057518837674
0 0554 0.7880819038832663 -0.4739821453870011 -0.3599654561061144 -0.1571394406960063 551953.3127225474454463 4182477.3694439604878426 -3.3687189209744148
0 0555 0.7007390938200093 0.5498100667908354 0.2785042078703621 -0.3593175815354348 551953.8047764144139364 4182459.2832911373116076 -1.5791505990626955
0 0557 0.2247730501827911 0.2046056117677821 -0.4305897509305708 0.8498271592330845 551870.0408069696277380 4182461.4094099388457835 -2.7430306354468761
0 0560 0.3313803142697164 0.2784811149417598 -0.5657378122429024 0.7018376478517113 551788.3814451904036105 4182448.7982585504651070 -1.0585075308598744
0 0561 0.0564455925078716 0.0279204044661793 -0.5628526995723828 0.8241548305294104 551766.8467983251903206 4182445.3417787118814886 -2.6767300310973590
0 0562 0.8089252746591499 -0.5374946030428904 0.2295739819528760 0.0635235273555024 551741.2014446767279878 4182441.5300960685126483 -4.0719418774169620
0 0563 0.8288029007823702 0.4430669655124003 0.2485891298077955 -0.2344799783942438 551710.9238620357355103 4182421.0657494473271072 -3.9210380943704379
0 0564 0.2325509050047979 0.2144970502901340 -0.4843314381229187 0.8156801763216184 551619.0204910428728908 4182419.8660327563993633 -3.1090921472979813
0 0566 0.0695360848203157 0.0222779882290375 -0.4828827466390827 0.8726354778179859 551539.7744152427185327 4182406.2507526068948209 -3.6501222369339041
0 0567 0.0296338650862363 0.9678872873868033 0.1469622338252122 0.2017873504067338 551522.0790468855993822 4182399.1944934092462063 9.0639942837855383
0 0571 0.6218444858075597 0.7459795534502488 -0.0521130659360124 0.2326119833145291 551627.8368220647098497 4182301.2380164973437786 1.5377303677182130
0 0572 0.3250532225260332 0.2582169212900051 -0.5724413753225804 0.7070892928196837 551679.6487569311866537 4182293.9805939132347703 -0.5803175263964565
0 0575 0.1796642110249268 0.8802169358474966 0.1023984688855891 0.4271458437292684 551767.0201280972687528 4182328.0508498111739755 5.3015002489170726
0 0576 -0.1805574724221838 0.1177042266820518 0.8609990305527611 0.4606794338873036 551777.2348209817428142 4182321.6961038289591670 4.9338633848402038
0 0577 -0.1458047945041744 -0.1367282570281897 -0.6105882463679720 0.7663082388921112 551806.6912858830764890 4182346.5689317462965846 -1.8557799078120378
0 0578 0.3601558234257358 0.2842670488393241 -0.5604132881175499 0.6895052702180193 551839.1649858539458364 4182350.0012513459660113 -1.1777042373707691
0 0583 -0.2541394788018569 -0.1673681571595172 -0.6077295792025903 0.7335296724296830 551907.8146626910893247 4182361.1159848603419960 -1.1485434000674781
0 0584 0.2571349443699580 0.2169534885229612 -0.5624670548784001 0.7552772025874867 551907.9906089243013412 4182361.1984912250190973 -1.1406949227584366
0 0585 0.0384132337413339 -0.4156168068911895 0.0673969971025706 0.9062255410004132 551945.8885212398599833 4182358.1639079023152590 -8.7646905104662753
0 0587 0.7328543575521956 -0.6093280350150880 0.2847955034611276 0.1026420848854234 552019.0264439524617046 4182376.4946383126080036 -1.1695976639009289
0 0589 0.5668531516660068 -0.6860192854208250 0.0438913577463017 -0.4540138688272515 552107.9033456678735092 4182394.2576706144027412 7.7726707793577079
0 0590 0.1149558727555921 0.0942340602303727 -0.6130186084678683 0.7759595974341068 552121.4825270938454196 4182401.0991958817467093 -1.1679562934458818
0 0591 -0.3141441181853836 -0.1749537427409532 -0.6161495201662293 0.7007599241384629 552121.6102837728103623 4182400.8033894645050168 0.6763763692107859
0 0596 0.3980542860276772 0.2944249031140513 -0.5364583011767411 0.6834319718262387 552238.5918483420973644 4182417.4343284009955823 -0.9569487299685061
0 0598 0.9118307794390579 0.1723122639234987 -0.3616673128811589 0.0898324618473270 552290.0195921042468399 4182414.6808595377951860 -4.9347913203051554
0 0600 -0.0175601635313268 0.4102054659372226 -0.5870788426462361 0.6976830386467440 552392.3802515416173264 4182442.6716605098918080 -6.8279423709431146
0 0602 0.8162223366961331 0.5089866259001343 0.1842905475214828 -0.2018680329183956 552496.5695036362158135 4182446.0788919758051634 -2.2694726414419404
0 0606 0.9093173718228251 -0.3306698347204062 0.2446273664347287 -0.0629031636305015 552366.3835312555311248 4182331.2686934997327626 -9.0724484914949706
0 0608 0.1859302263740660 -0.2414183303331032 0.6497586115110766 0.6963913387552846 552215.7852645734092221 4182291.1117109125480056 -0.4783646388342080
0 0611 0.3150084908967462 0.2216021433841802 -0.5608050149896482 0.7329119159786159 552044.1377646377077326 4182278.4364303108304739 -1.2739663117751048
0 0613 0.6328900449484415 0.5255169509371781 0.3358777908137874 -0.4587681679877394 551697.6035981589229777 4182220.6330325887538493 -1.1574893971081186
0 0614 0.7554986824181045 0.5381138190164612 -0.2716306185176104 0.2566555735542203 551739.5781465582549572 4182216.1560018197633326 -2.0719068352052297
0 0617 0.6836787190999219 0.5568974657991800 0.2947669670659064 -0.3681861713360620 552658.3150230655446649 4182582.4716120893135667 -0.8141693394226988
0 0619 0.7827933168602456 0.5837978708079604 0.1179407092793124 -0.1802904828706159 551749.8002893648808822 4184423.9154610726982355 -1.2098598450454479
0 0620 0.8190614846922438 0.5682569405165483 -0.0764496119295555 0.0194368383316221 551733.3842177510960028 4184419.6381806777790189 -3.3800100557955206
0 0624 0.6930477908803009 0.6918564008208394 0.1546230761216813 -0.1308097356262272 551651.2914509717375040 4184412.4971343432553113 0.1241317269513366
0 0625 0.7177882777923994 0.6768282601448257 0.1136937977655304 -0.1172911543246137 551644.5133892352459952 4184407.4724961440078914 -1.0412712548889196
0 0626 0.7340364221246163 0.6320368404166209 0.1806217400700149 -0.1705747647360158 551585.6185138394357637 4184399.2422342975623906 -1.1850518946410686
0 0627 0.7249219612616257 0.6166385840881665 0.2129039009670557 -0.2211717333823405 551571.7971346967387944 4184394.7370067327283323 -1.0843202927222269
0 0629 0.7174452145305241 0.6356364389876459 -0.1772755675456046 0.2231861466303013 551548.1911251575220376 4184603.4141983324661851 -0.5740658486361760
0 0630 0.7487843433702650 0.5697008874302418 0.2480137981225271 -0.2307640858191797 551538.1761604294879362 4184603.0298188426531851 -1.1046541583815137
0 0631 0.6974845533292436 0.6429777536509895 0.1610479591727340 -0.2723205051804788 551524.5040231306338683 4184600.9762819288298488 0.0311283893685007
0 0632 0.7990613535221827 0.5991178512579489 -0.0407738499484534 -0.0299373963899252 551499.5175139119382948 4184596.9835642231628299 -1.0807274501397817
0 0633 0.7609343179177459 0.5695096809939859 0.2125654937621933 -0.2268338662330195 551483.2160129016265273 4184595.3498083413578570 -1.1236386118513055
0 0634 0.7439515200194896 0.5888294019804089 0.2200967627337999 -0.2266572041058968 551473.1910290089435875 4184593.9048172733746469 -0.9879418446482767
0 0635 0.6416791251553360 0.6365551798375053 0.2887989851356507 -0.3156589275973193 551449.8561230514897034 4184587.4214228675700724 -0.5667988583567516
0 0636 0.7948411230013376 0.6036030066903456 0.0521763454166007 -0.0341852084872205 551428.4334562711883336 4184584.9442879883572459 -0.8587170937257290
0 0637 0.6518595039582504 0.5960231015049917 0.3079633201217805 -0.3535452489162365 551318.4475454397033900 4184567.4688663808628917 -0.8439160773961295
0 0638 0.6969933005860729 0.6003258320923638 0.2668197977437115 -0.2874307565975068 551304.6248564635170624 4184564.9813448665663600 -0.9926772255732476
0 0639 0.6864110191572822 0.5882273075596117 0.2561069749699890 -0.3424000069981784 551303.9414927463512868 4184575.1437046900391579 -1.1069277164193612
0 0640 0.7266250559433157 0.6247122975765401 0.2032354122402844 -0.2011117612937695 551287.5008047901792452 4184668.5355270714499056 -0.9994254986949764
0 0641 0.2198299487672927 0.2455726407685820 -0.6079423961387259 0.7223398945769743 551485.6644724577199668 4184713.5508152386173606 -0.9868881376774172
0 0642 0.1440710540653014 0.1545416260209120 -0.6551012600192142 0.7253983413674550 551500.4234737200895324 4184716.8203855794854462 -1.2699282614369298
0 0643 0.0916562689296898 0.0927698190290521 -0.6203618971109642 0.7733977012184760 551516.2768117104424164 4184720.2488463278859854 -1.2740017116675089
0 0644 0.4369914108333331 0.7215362497286734 0.2615590438897775 -0.4690531033314246 552374.5701923904707655 4183466.0589451612904668 2.4589753503852982
0 0645 -0.2612031244885690 -0.1618580009714315 0.7045921752445424 -0.6396286280828160 552341.7400536454515532 4183475.2935891589149833 1.8134411456794619
0 0647 -0.1512813745724273 -0.1256499888518088 -0.6658190468385500 0.7197298010724390 551810.9217468880815431 4183294.6825036159716547 -1.4190233228976750
0 0648 0.4459806114079704 0.3927551302507014 -0.5386734734929596 0.5972232336948702 551817.8621627780376002 4183287.1533346096985042 -0.3594701219234033
0 0649 0.4001751006893999 -0.3569199468437237 0.6820446524056254 0.4972757227934659 551816.6759064275538549 4183275.3728771363385022 2.1764383778454235
0 0650 0.3981981861888101 0.3079917973746345 0.6262430005665326 -0.5953141704237433 552457.1008727184962481 4183379.2710643904283643 -1.6508120088964315
0 0651 0.5993851464888377 0.5160699193195494 0.4265863067540192 -0.4386723235309407 551847.4472643298795447 4183179.0957327568903565 -1.1425665726446503
0 0653 0.3558802594399378 0.3252881171116885 -0.6047643760053926 0.6338745391019449 551906.6080148519249633 4183512.0336395897902548 -1.5025123612667148
0 0654 0.3716560981900004 0.3392350977844814 -0.5738103213581576 0.6461679411826199 552028.9362885537557304 4183531.2094763871282339 -1.1430306392701977
0 0655 0.6743226066663758 0.6382263880663005 -0.2617425911490478 0.2635278271702833 552264.5520732030272484 4183551.9153388026170433 -1.3521705460542242
0 0656 0.6526165017237827 0.6295919295768595 -0.2940161404298884 0.3020930536378004 552354.1152362257707864 4183564.2528625833801925 -1.1645500241824425
0 0657 0.5857224134837219 0.5638285691621440 0.4013189174593899 -0.4218645818608110 552418.3027533986605704 4183575.4978431407362223 -1.1501065928119942
0 0658 0.7040287123745542 0.6033290331834513 0.2706404725307341 -0.2590200465185852 552537.8379403767175972 4183596.4946514321491122 -0.9551124953744455
0 0659 -0.0592644100833943 -0.0199871340595013 -0.6029586110136610 0.7953170170278212 553063.7559521039947867 4182981.3238253090530634 -0.9896964733563050
0 0661 0.7607761723876311 0.5964633759894375 -0.1843868578358681 0.1773482427858597 552959.0019186086719856 4182904.9149419064633548 -0.7432873124264129
0 0666 -0.4306492791763429 -0.3194058962447461 -0.5263121788627098 0.6599367922987971 552808.8886585447471589 4182726.5120957894250751 -1.7637888501359160
0 0669 0.7608932897539632 0.5805594495747605 0.1971394205381121 -0.2124339621840792 552797.5918207017239183 4182687.9607038949616253 1.6882478701457928
0 0676 0.8386984956267383 0.5201507882253215 0.1117827324939499 -0.1163297539677999 552475.1153090979205444 4182656.9924206654541194 -3.6660883909192514
0 0677 0.8287132020257929 0.1679572595257357 -0.5076358649915290 0.1653197397017793 552431.3062659292481840 4182652.1579323126934469 -7.6732247539811356
0 0678 0.5504766095755923 0.7008558304186570 0.2285687238461143 -0.3918328033201083 552397.9408809333108366 4182642.1286968006752431 2.1894632041974869
0 0680 0.5499561157284304 0.2503613349960935 -0.7225650843844243 0.3358082362605191 552361.4743125360691920 4182641.7243716716766357 -3.6968023912006878
0 0684 0.7678286908338904 0.6245723814315607 -0.0876523776652139 0.1125411150418260 552223.1061448233667761 4182610.1959082013927400 -0.5245746827527320
0 0685 0.6021502686866799 0.6378124373357392 -0.2183652158326938 0.4276996390163825 552102.6807825580472127 4182591.6786346347071230 1.2710349676299617
0 0687 0.4402112317847056 0.7063375259124525 0.2482130293203390 -0.4956729395217055 551928.4169392175972462 4182564.2766910227946937 3.8704719281385982
0 0692 0.2280613757399840 -0.4812667858184105 0.4221471106191254 0.7335953483408710 552005.3748693771194667 4182474.9330827454105020 -2.7259025935677323
0 0697 0.2124328952414810 0.9031362890084819 0.1348577345069900 -0.3478943804360052 552095.4020120934583247 4182702.2095624618232250 7.7370051069705745
0 0698 0.6195147921552420 0.5428339568957057 0.3491833214100710 -0.4467703275630892 552076.6309822208713740 4182693.6360869561322033 -0.1254430226904132
0 0699 0.7211190992341844 0.6149934171916926 -0.1739138541476806 0.2674402977601964 552046.6934304728638381 4182688.2474182900041342 -0.9794808643729660
0 0700 0.7298065142305135 0.5673070824692719 0.2504528741692378 -0.2877820074071311 551993.0767750720260665 4182679.3337991149164736 -1.9108808989694421
0 0701 0.6907033740619307 0.5142299980072711 0.3379809324995309 -0.3798226526626000 551965.8637073638383299 4182673.8993685385212302 -0.4752331334423902
0 0702 0.3724696023739705 0.3113166230283877 -0.5015922509915780 0.7160681317296412 551926.4279899719404057 4182684.9781944281421602 -1.7364440646625778
0 0703 0.3774144817366076 0.2662418545980474 -0.5433987404202447 0.7009931474311083 551998.3471985167125240 4182696.4040799052454531 -1.1333043397112708
0 0704 0.4248195297153373 0.2947528980605694 -0.4740048471648908 0.7127190899095688 552043.5946230806875974 4182704.4846545220352709 -1.6431067431862290
0 0706 -0.4231793705011401 0.0442228918419973 0.8995849896121464 0.0985413754922470 552084.7036200563888997 4182700.3563300259411335 8.0811233570586136
0 0707 -0.0538517553000238 -0.3070067707822297 -0.1177069264039203 0.9428636755234109 552111.5662456215359271 4182711.9286719830706716 -7.0649317675879928
0 0708 -0.1118521036301126 0.2180733866132397 0.7126389780225495 0.6573270053539010 552102.4938971595838666 4182698.1126636299304664 -0.9123262049180894
0 0709 0.2616800416056116 0.3513236132259577 -0.0658269621397529 0.8965277941428222 552114.6211085513932630 4182710.8535773903131485 -7.2691394354474470
0 0710 0.3641528111066449 -0.4781209189418373 0.6145342008825353 0.5110194056775195 552131.8476337472675368 4182703.1705892989411950 1.0412569860821672
0 0711 0.6781845723550167 0.6071732597239586 -0.1767698035816149 0.3743778239126116 552135.2066493252059445 4182701.7439554897136986 0.0074407315538013
0 0713 -0.0277621708521602 0.1692583770938051 0.7012784343032189 0.6919461115104070 552164.3399234942626208 4182707.9097357010468841 -1.1801756546922868
0 0714 0.0919339522757706 0.0001679997281851 0.8349244713894103 -0.5426317787138543 552188.8765194301959127 4182729.1601373627781868 4.8281109760622298
0 0715 0.9135199685673328 0.3401196887848463 -0.1976987637550323 0.1035135891531661 552233.0972132196184248 4182723.2533062733709812 -5.0164897852714443
0 0717 -0.3129057678164981 0.8660645326531402 -0.1404148676255415 -0.3637387396156303 552286.9121747316094115 4182742.2066401480697095 5.6858519440794000
0 0720 0.2885619690087509 0.4746552038802965 -0.0902894777382883 0.8266088782978890 552384.1277943188324571 4182756.4991518277674913 -7.5690437282689862
0 0721 0.5761757909911931 0.6886765410952528 0.2541227611689595 -0.3593990844126008 552400.0140835476340726 4182747.1766257891431451 2.0116249940071724
0 0722 0.5301961426383657 -0.7864332064523967 -0.2517218828479527 -0.1924862483812327 552398.1061149443266913 4182761.9756844635121524 1.7779821615218065
0 0723 0.7704017054179719 0.3965383701867591 0.3544807790334337 -0.3515421888686467 552445.6022829865105450 4182756.4434101087972522 -3.5130162955720601
0 0724 0.7030201618254023 0.6421790737981887 -0.2211189330459949 0.2108913300055621 552459.4290611078031361 4182754.0832411982119083 0.9675776576269820
0 0725 0.3776650244776706 0.0938993624325671 0.7557953135283931 -0.5266170174515402 552477.8901800668099895 4182776.5558480373583734 3.3626398325982017
0 0728 0.2818996966087051 0.0766474497883270 0.7241766300841228 -0.6246806687683472 552665.0761677188565955 4182805.5611236221157014 0.7561818329337302
0 0729 0.7448181233304335 0.3251325330770464 0.4149529641201340 -0.4090829530321264 552681.6831100834533572 4182797.3842724245041609 -3.4935069240915624
0 0732 0.5858955135002960 0.4210365042913211 0.4298286618489464 -0.5428646775242312 552753.5402513641165569 4182805.6173756560310721 -0.9104097128746634
0 0738 0.9535554422791411 0.0295722244311825 -0.2897202030152137 0.0769396257259348 552822.9798457813449204 4182828.8672145856544375 -27.5369754756600535
0 0739 0.6936038545968998 0.5485804746201551 -0.2591391467851242 0.3883555823692068 552816.1190593747887760 4182817.3065685965120792 -1.2592763926449055
0 0741 0.2667939353605558 -0.3033471114345647 0.7576545816939759 0.5126032237310888 552872.2098097812850028 4182826.0642270366661251 -5.1924233170232696
0 0745 0.8208056132179339 0.5041149545302074 0.2660855389864442 -0.0366707495319093 552918.2458614337956533 4182794.1079242681153119 0.2935394715031868
0 0746 0.7779430559139114 0.5768594103631309 0.1515332309916519 -0.1976752446212126 552926.0841173268854618 4182786.6109941108152270 -5.4276609074803721
0 0748 0.5286233154071148 -0.5440621645402495 0.4578066155542247 0.4636451817631457 552754.7401687465608120 4182928.6643171422183514 -0.9694813853122005
0 0750 -0.2753996801555666 0.3206820579890204 0.7099383237319518 0.5632988606599585 552612.6740286675048992 4182888.7073692488484085 1.7594120853789459
0 0752 -0.1426750558295458 -0.3781700666193651 -0.2468335258938524 0.8807408470440951 552527.3912305732956156 4182886.3785106125287712 -7.5713867126143413
0 0753 0.0430113271458850 0.4856079468791278 0.1965572514705175 0.8507057038478957 552527.8208083773497492 4182880.0546828941442072 0.0718902809024263
0 0756 0.2373721866290908 0.9054542858543237 0.1580807047704360 0.3143524646352291 552450.0037620322545990 4182867.0403329199180007 2.0467512988018832
0 0759 0.1527735444849148 0.8387470731756120 0.0770487497355441 -0.5169401140451859 552313.7245205560466275 4182842.4010238191112876 5.0499692348796552
0 0760 0.1643168402387366 0.8546554848523155 0.0744582751333900 -0.4868469405161867 552311.6181550765177235 4182842.3678729631938040 4.7114163832870979
0 0762 0.6155941542566051 0.2301080024295259 -0.5362889037376275 0.5296115144054950 552320.1274013996589929 4182849.0446492619812489 0.9348763001102071
0 0763 -0.3607268028705723 -0.2391372132082965 -0.5708866778892148 0.6976947576099070 552270.3149550617672503 4182849.2879819502122700 -2.2447064048678902
0 0764 0.3902486894924269 0.2880886857695210 -0.5401487577578858 0.6877137478323944 552228.7370257687289268 4182842.7399983415380120 -1.8933879168076513
0 0765 0.6906882237249555 0.6793109986090440 -0.0755197845920366 0.2361844764408143 552254.9978063919115812 4182832.6402990031056106 0.8423767733830547
0 0766 0.6320326337264196 0.5924014320826254 -0.2475345180204677 0.4339607765221125 552268.6048955441219732 4182829.6502310116775334 -0.2854000398891846
0 0767 0.7804702131814062 0.5970460581920799 0.1837682254764902 -0.0251295915861287 552288.5463692350313067 4182835.4574220427311957 -1.3475275748454920
0 0768 -0.0015629879925374 -0.0338449733036833 0.8320842491831110 0.5536134726611941 552456.6845808797515929 4182557.2177364914678037 -0.6813920605536274
0 0770 0.1174882585956548 0.0978045444055051 -0.2724825010255840 0.9499389824622774 551980.0146812979364768 4182368.4683360462076962 -6.0988435708470057
0 0771 0.7671028721358710 0.5958373953025249 -0.1557477413972798 0.1796488053900984 552251.3355065747164190 4182419.4439609101973474 -1.2080990102195148
0 0772 0.7090569131531947 0.6983653424861853 -0.0484824511013934 0.0846970749443518 552324.0408282421994954 4182420.1426676507107913 0.0190780377186973
0 0775 -0.2205363876653652 0.0190773024677634 0.9748464994252019 0.0259631494442580 552279.0629890183918178 4182311.7323297592811286 5.1058037449029925
0 0777 0.7477382872292262 0.5919832632277382 -0.1592869114098166 0.2550903991506779 552116.4249892671359703 4182273.3886175104416907 -1.3005920853192439
0 0779 0.6249133307007588 0.4075465883676702 0.3482904934956879 -0.5675234698034569 551986.8709784052334726 4182268.0142407412640750 -2.4373242990437309
0 0783 0.6457022790455653 0.3039967709543514 -0.3692849717678987 0.5952168789094582 552498.2195261933375150 4182402.1106890789233148 -8.0097250725165345
0 0785 0.2104731196541530 0.1595130490535904 -0.5960652542544572 0.7582630577176478 552558.1674962161341682 4182471.4188559721224010 -1.1276081966268205
0 0788 0.7103892103429696 0.6093898778821376 0.2442054449114006 -0.2536825760362774 551775.5696558032650501 4184426.9648470832034945 -0.9129014071913988
0 0790 0.7756403356928010 0.6053069268887720 0.0939871797379874 -0.1521578163869506 551462.8928060185862705 4184377.3827289841137826 -1.4844825610465859
0 0792 0.7494582898057045 0.5714869387023453 0.1749326397427914 -0.2848043579139009 551406.8584388387389481 4184368.0089524583891034 -1.3094238141231072
0 0793 -0.3584075407442183 -0.3326702785762553 -0.5558275390931369 0.6722575899722857 551382.4470268944278359 4184365.9291326440870762 -1.1140971019617683
0 0794 0.7815996968549741 0.6221174658880004 -0.0261696614047096 0.0372414706411117 551339.8366849618032575 4184358.9979940680786967 -1.3674735722341695
0 0795 0.6255442799698977 0.6178959702377900 0.2962145535504430 -0.3730358490699404 551337.6129278959706426 4184365.3297217707149684 -1.5548960171405353
0 0797 0.7518689139684638 0.6482478580118824 -0.0842185792546984 0.0858783164083967 551892.7424634442431852 4184555.2301213121972978 -1.1097142680207110
0 0798 0.6696769080734400 0.5954871675189174 0.2903908737156153 -0.3355607434968749 551877.7760911247460172 4184656.8532464862801135 -1.4666845385830725
0 0800 0.5410140922580062 0.6035719339453935 0.4941912468404839 -0.3142924062117534 551299.6369377872906625 4184599.2014590776525438 3.0675262287685987
0 0802 0.0564979070056592 0.0090763756631141 -0.6850178869985480 0.7262754964794429 551457.3477159016765654 4184713.5462987045757473 -0.7496089833955981
