# ["0 <image name> <1x4 quaternion> <1x3 camera position>"] x 595 images. 
0 0000 0.0819087287394496 0.0770270151698298 -0.6039826072924220 0.7890264945986049 553104.5696579252835363 4183095.3022775840945542 -4.3499929979443550
0 0001 -0.1530889655014942 -0.1521791351301514 -0.6385292103681469 0.7387054399280893 553051.0008949663024396 4183087.7717475737445056 -1.0691538656828925
0 0002 -0.1378815807527993 -0.1211355598278063 -0.6385419990716052 0.7473814028031144 553011.1007264440413564 4183081.8816401273943484 -1.3436194704845548
0 0004 -0.2340478566253083 -0.2146456820449892 -0.6492630410778919 0.6910906854232867 552952.5521765651647002 4183072.2738459277898073 -1.0349027084303088
0 0005 -0.1220421576071104 -0.1192435645118681 -0.6791612650704971 0.7138814047984071 552917.3777383271371946 4183065.6461179475300014 -1.0813576245272998
0 0007 -0.0361799585377325 -0.0412991947346517 -0.6776376178390962 0.7333434706901211 552789.7556398966116831 4183043.3185705416835845 -0.8752187101054005
0 0008 -0.0257954615617932 -0.0624464187704976 -0.6735113052358034 0.7360825773411011 552759.6144735064590350 4183038.8649747963063419 -0.8156352398800664
0 0009 -0.1931776726979429 -0.1923235710992456 -0.6583284002146786 0.7016393291723475 552663.7722400822676718 4183021.7451691469177604 -0.9259273581265006
0 0010 0.1128719122862939 0.1037971929969929 -0.6250063810339235 0.7654104113543649 552663.7463521270547062 4183021.5897926194593310 -0.9465294727124274
0 0011 -0.1239006443176793 -0.1215645128979642 -0.6632959704396727 0.7279485937482381 552613.8843543798429891 4183013.4150434830226004 -0.9785426831222139
0 0012 -0.2470382770155000 -0.2241942992522985 -0.6041588524506126 0.7236719470019152 552602.7827136509586126 4183011.8563017155975103 -0.9418707811273634
0 0014 -0.2298410387133780 -0.1998004858383377 -0.6071762896827019 0.7338867869290653 552442.7833585657645017 4182989.3409751979634166 -1.4265499968314543
0 0015 0.0712463788773037 0.0714356926302491 -0.6652030284888194 0.7398147242415571 552338.6451020836830139 4183070.5304972459562123 -1.1983657290693372
0 0017 0.3456499594855071 0.2366963854878074 -0.5435899821092803 0.7273313261197449 552410.2743495078757405 4183086.0441144639626145 -1.0857216943986714
0 0018 0.6905329360568293 0.5731439337508286 -0.2851790922528465 0.3366647899130573 552410.4665820288937539 4183085.2505586696788669 -1.0028848986839876
0 0019 0.2687107300782049 0.2384236561747044 -0.6032279195059910 0.7120848129581181 552492.4527597161941230 4183096.7341473093256354 -1.7899393831030466
0 0020 0.4253313370455815 0.3699703050968506 -0.5496925196252432 0.6164846802164775 552692.1438429856207222 4183130.0138279097154737 -1.1772721421584720
0 0026 0.6822197229537257 0.5638134124313161 0.2848664070201986 -0.3681600409154951 552811.3699760776944458 4183234.4108850797638297 -1.1387639888562262
0 0028 0.8051684227633569 0.5904600833061530 -0.0398518982880608 0.0383735222477288 552702.6812013494782150 4183210.0452948757447302 -1.0930192882660776
0 0029 0.7160211274317239 0.5829275267703087 0.2405980406651183 -0.2993690472192477 552631.9913934930227697 4183203.6173873944208026 -1.0572761201765388
0 0030 -0.3915976260056628 -0.3563511980703938 -0.5717525868251165 0.6267089455236069 552412.5616464000195265 4183171.3082372467033565 -1.0157588483998552
0 0031 -0.2870045483946703 -0.2388435524894670 -0.6054058321364841 0.7028982323566575 552280.4630863447673619 4183112.5828876798041165 -1.2887498782947659
0 0032 0.6655935588654305 0.5738345958914216 0.3030170886338006 -0.3686186578984779 552281.8287239179480821 4183111.6268059024587274 -1.2684326905873604
0 0033 -0.2715941252073949 -0.2371710650717073 -0.5762362267759985 0.7334427912226980 552291.1106612237636000 4183044.2165539115667343 -1.4323059066664428
0 0034 0.6354522148689192 0.4982165201568846 0.3438361483419108 -0.4793302460249604 552296.3732577405171469 4183017.8908126591704786 0.0048606612544972
0 0035 -0.4321398427014307 -0.3403509285636804 -0.5051368976742051 0.6650211398022644 552298.8237390888389200 4183012.7638069083914161 0.8211329091573134
0 0037 0.7123536110773785 0.5945677274641697 -0.2301643819340181 0.2933699158605790 552287.1145537386182696 4182942.8996785604394972 -2.5778235933976248
0 0038 0.3997510045451680 0.3248220326571349 -0.5749625772382037 0.6356947508366092 552289.7970637986436486 4182942.4822560027241707 -2.5551731576269958
0 0041 0.7001835424067324 0.5700451663423677 -0.2704154590940367 0.3341661185030927 552423.5042463284917176 4182983.1085971519351006 -0.1939926382619888
0 0044 0.7667841955110115 0.6197705586833420 -0.1258319814619088 0.1099671066512112 552501.0902219153940678 4182977.5880023227073252 1.4117380278185010
0 0045 0.7564804879240791 0.6267091194372950 -0.1404778578646270 0.1234460305317400 552539.6061931073199958 4182982.7995939697138965 0.1692254763329402
0 0046 0.8380844985464344 0.5440334581077908 -0.0401256494508488 0.0056481865760499 552698.8313956856727600 4183011.3844620189629495 -1.8105587698519230
0 0047 0.7456367876824046 0.4924916575639951 0.2510049185576068 -0.3721213228833070 552706.4655470449943095 4183012.1826822464354336 -0.9756840624613687
0 0048 0.7603379240968796 0.5603169547246343 -0.2113824712849650 0.2514927479304737 552717.4100960295181721 4183012.9445473547093570 -1.1601112568750978
0 0049 0.4941599306339700 0.2812220414636423 -0.4614744643286740 0.6810003268159381 552717.3695569027913734 4183013.7412541839294136 -1.1684082270949148
0 0050 0.4335664556711378 0.3174605633654073 -0.5357290992877565 0.6513319057138338 552720.9879201094154269 4183010.2047364432364702 -1.0882140781031922
0 0051 0.7791560632991605 0.6228420972350901 0.0472209079612092 -0.0524760591819551 552848.0528426079545170 4183035.7756914938800037 -1.5900484076701105
0 0052 0.7180598818614239 0.5336485694433528 0.2520806567619317 -0.3688692896931026 552848.2313970017712563 4183035.2137798559851944 -0.7999859810806811
0 0053 0.7462277295545079 0.6031762807962278 -0.1963545012164914 0.2019095336549948 552848.6409653013106436 4183035.2013737512752414 -1.3360222638584673
0 0054 0.7840391683052903 0.6180399065905968 0.0269957759528726 -0.0507984695176664 552889.9037413143087178 4183042.5947121023200452 -1.7691234186058864
0 0055 0.7515857740707363 0.6209769771025471 -0.1563177960916985 0.1583387657780268 552893.6463721678592265 4183043.2069281805306673 -0.8651426592841744
0 0056 0.7763835670049628 0.6297937794827232 -0.0219183834551578 -0.0103892577323950 552916.2823069524019957 4183046.6752661569043994 -0.8129296881379560
0 0058 0.7779770849347927 0.6027581112571436 -0.1182748051906605 0.1320809792786024 552949.6682024158071727 4183051.2467624647542834 -0.7842875537462533
0 0059 0.6798330492146467 0.5508826093454378 0.2951595042769160 -0.3837137513189783 552949.7709671594202518 4183052.4850455615669489 -0.9447496308130212
0 0060 0.2883525268566907 0.1983872691293246 -0.5822866779017674 0.7337830309027960 552967.6366247874684632 4183053.8320662695914507 -0.8199184333207086
0 0061 0.4820518857409676 0.3504420675764331 -0.4931843179086171 0.6337077917268686 553030.3010386596433818 4183060.6728547443635762 -1.0796928360941820
0 0062 0.7778664859119661 0.6258325457845616 0.0267706022795780 -0.0504052535493305 553100.3214887729845941 4183076.8032780964858830 -1.2619527940405533
0 0063 0.7393579551944415 0.6131891857237551 -0.1889442919671138 0.2040805996051031 553101.6937906206585467 4183077.0480412924662232 -0.9887685634894297
0 0065 0.8045598868335195 0.5884250763047948 -0.0699817037523164 0.0392667698449187 553305.3982658279128373 4182913.2993114087730646 -1.1042556737083942
0 0067 0.7509120669658738 0.6116859201817086 -0.1715437292525890 0.1803999769695388 552680.3550657837186009 4183617.6338518327102065 0.5157300067367032
0 0068 0.3705025274189833 0.3296893084944337 -0.5739875134706612 0.6515912610067565 552738.1617565888445824 4183539.2029581605456769 -1.2217683457420208
0 0071 0.7579617853779101 0.6494337074313375 0.0327416394905171 -0.0515536284095669 552514.7936230937484652 4183490.6812215922400355 -1.8114755220012739
0 0072 0.7409777090013479 0.5973608892431485 0.2045893492057034 -0.2285939652688483 552457.1701762867160141 4183481.4514128500595689 -2.0853213603841141
0 0073 0.7223907618353537 0.6285355063726479 0.1923896983313381 -0.2146646417549783 552426.2676876548212022 4183474.1560253081843257 -1.1425264921854250
0 0074 -0.2592268787542947 -0.2313797923616240 -0.6334779527105371 0.6913541064083328 552340.8581281215883791 4183475.6885154056362808 -0.0679032919579186
0 0075 -0.1804902227141807 -0.1442362078023768 -0.5991886336481768 0.7665456132352504 552300.6551490353886038 4183464.4962161290459335 0.0129389991052449
0 0076 0.7933159925626864 0.5670033988715369 0.1390678401359458 -0.1726760477087877 552274.1309037664905190 4183449.7310337084345520 0.0154506508260965
0 0077 0.6725750099423160 0.6445894970798639 -0.2622437807787654 0.2517447828620892 552215.1591163938865066 4183439.9954877980053425 -1.5658703876688378
0 0078 0.7538630559597952 0.6295370499800060 0.1162052500209007 -0.1478848722114940 552177.3807751943822950 4183432.0358780068345368 -1.1961519561009482
0 0079 0.7018839851248424 0.6989684038626236 -0.1116297454360526 0.0796294026154181 552113.3825643142918125 4183422.2712431503459811 0.9009095943220018
0 0080 0.7261353658765876 0.5867035983688639 0.2264388139138729 -0.2779060662122717 552112.0935149667784572 4183422.1205885093659163 -3.5991033531026915
0 0081 0.5036487623300828 0.4365541251492290 -0.5059138460562191 0.5475487196470935 551935.1772217428078875 4183394.4234112291596830 -3.5517546272176332
0 0082 0.6940971613923809 0.5659357988527192 -0.2762752663728119 0.3487374073921601 551935.7263074184302241 4183395.2369148419238627 -3.3300016304710880
0 0083 0.2412259429478825 0.2240316616379295 -0.5737150066292040 0.7499806332173555 552263.2503338900860399 4183458.2143116919323802 -3.7522362155141309
0 0084 -0.1951096653688443 -0.1522830832649892 -0.6076681982828752 0.7546399418441953 551916.8839072242844850 4183404.4643333042040467 -0.1503936827648431
0 0085 0.3169530147998867 0.3097638248730988 -0.6221422983414164 0.6453883480693705 551916.5468065550085157 4183403.7652831906452775 -0.3579341526492499
0 0086 0.0844474480883223 0.0762456330957570 -0.6284273183313126 0.7695026559539041 551855.7107290970161557 4183293.6267569940537214 -4.0810947896679863
0 0088 0.3225133836502563 0.3125808332553833 -0.5940744449595439 0.6673484051781670 551914.2181920264847577 4183300.7501851064153016 1.0546217833471019
0 0089 0.2138909847282524 0.1972670416103373 -0.6262386598198160 0.7232990404344285 551962.3023144383914769 4183309.2984593799337745 -1.7524075105320662
0 0091 0.6929782830417429 0.6165107396657867 -0.2357890454568815 0.2899985054302785 552088.2437754459679127 4183319.6305406522005796 -1.2907561857136898
0 0092 0.6390118415599758 0.5617277591170823 0.3479072481559857 -0.3938100273786319 552105.6125585522968322 4183323.2766008940525353 -0.8433508728339802
0 0093 0.7220221938218228 0.6597240534591839 -0.1428824264623238 0.1517654016050581 552145.1826578469481319 4183328.0417245915159583 -2.2889144764631055
0 0094 0.7255551927640324 0.6080244384227106 -0.2043432771566932 0.2492383790967158 552234.2069204906001687 4183344.3797619268298149 -1.2006459322292358
0 0095 0.7744837313658751 0.5776489168658805 -0.1638559630887122 0.1991178094835730 552267.4677930218167603 4183346.7418988589197397 -3.9188571220729500
0 0096 0.7115020323431270 0.6370144008260827 -0.2096605150830197 0.2098093885575895 552324.5175244391430169 4183357.4651348562911153 -1.3621934730326757
0 0097 0.7251408904616650 0.5694930816164435 -0.2481446562699902 0.2971069648058066 552362.2942172938492149 4183365.3142131608910859 -1.2672651869943365
0 0099 0.8151769627832567 0.5769984554059309 0.0259123919939702 -0.0434493929507158 552477.4918231499614194 4183382.2299224510788918 -1.9170031046960503
0 0101 0.6371085743969054 0.4749350234977199 0.3976991294606225 -0.4586554156569245 552535.7351679319981486 4183396.2366386563517153 0.1398773154942319
0 0102 0.7459894420508004 0.6445386186799656 0.1217577815438980 -0.1150858984079530 552555.5923825192730874 4183396.6464019664563239 -1.0238561508595012
0 0103 0.3063695773529791 0.2262812254764953 -0.5341775597461307 0.7547110862661828 552566.0915158453863114 4183408.6255444190464914 -1.0691715076100081
0 0105 0.7207807918018758 0.5803584864326981 -0.2333029997167176 0.2987118807784351 552653.1027270713821054 4183412.5954820662736893 -1.3850331428693607
0 0106 0.7984287617734150 0.5373890784077844 0.1594944330544954 -0.2197407941316967 552755.6548356502316892 4183428.7193969730287790 -1.0358149239327759
0 0107 -0.0950714081039055 -0.0787009938194988 -0.6182497248488883 0.7762311889232729 552764.0800542618380859 4183344.2025004718452692 -1.2832585048163310
0 0108 0.7914457694942095 0.6103630933425098 0.0162019133671806 -0.0284250987390285 552754.1075129697564989 4183323.7225304679013789 -1.4003979727858678
0 0110 0.3545483209430496 0.3143415285779204 -0.5791899285248205 0.6633429868651465 552508.9013862980064005 4183304.8938893838785589 -0.8767957521486096
0 0112 0.7869451612991404 0.5518424248751851 0.1777202110485442 -0.2111936973505756 552347.4270051622297615 4183262.2830213052220643 -2.3430386756081134
0 0113 0.7898089186878192 0.6064442039091426 0.0547181200337339 -0.0737104256273022 552303.3732149192364886 4183256.9779557115398347 -5.4107328797690570
0 0114 0.7845701682599164 0.5365206247201708 0.1823971884649931 -0.2516476424816053 552210.8222745843231678 4183239.6950202714651823 3.0630436094943434
0 0115 0.7145711459810702 0.5784757301287640 0.2527166611270805 -0.3014766925851382 552148.5587260031607002 4183230.1106451530940831 -3.9926266100374050
0 0116 0.6732263665576789 0.5485800466835243 0.3075010251776715 -0.3889335563652606 552121.5846978151239455 4183224.5829025343991816 -1.5589495635940693
0 0117 0.7794853464311576 0.6101858652513393 -0.0984570493094752 0.1018921684323382 552121.3074405370280147 4183225.0859215655364096 -1.4808207597816363
0 0118 0.7592895808000939 0.5478134145848153 0.2089871849152625 -0.2823192374432483 552064.5114952689036727 4183216.7186218388378620 3.8341221997980028
0 0119 0.7794442950705421 0.6222284173211733 -0.0510982844599162 0.0518396844630367 552023.7966362384613603 4183206.8894236977212131 -6.6788557367399335
0 0120 0.7821596961875499 0.6143836585599460 -0.0795370006946653 0.0665792405693560 551979.2615207993658260 4183200.8622064697556198 -1.3402931872988120
0 0121 0.6540503668637143 0.5648208614365952 0.3213011689198429 -0.3872480741620364 551979.0754217929206789 4183200.6170174116268754 -1.5688789483101573
0 0122 0.2078277704597425 0.1948008514142704 -0.6341609994199798 0.7188185257272244 551844.1883964701555669 4183499.2013684613630176 -0.3094236829201691
0 0123 -0.0434320914416441 -0.0382113576419991 -0.6602758692626450 0.7487919083761646 552055.1059066259767860 4183535.7901392411440611 -1.9345439628232270
0 0124 0.1813118365442069 0.1815350749053625 -0.6382288200447829 0.7258340084153646 552116.8487197700887918 4183543.8131751385517418 0.6778807821101509
0 0125 0.0308667797316349 0.0385371378759377 -0.6402990541153969 0.7665371825373233 552183.2744237701408565 4183554.5746262273751199 -1.5898266118019819
0 0126 0.7621432017668778 0.6398033900152345 -0.0650718244122790 0.0745320051602250 552353.3320869373856112 4183564.3168358127586544 -1.6423130385810509
0 0127 0.6459056820855058 0.5592608944487629 0.3465402485174007 -0.3872246866452670 552352.9749703917186707 4183564.7341517135500908 -1.4045122866518795
0 0128 0.7905960665880080 0.6026268529518468 -0.0658675914083390 0.0863724261497113 552383.9465241038706154 4183568.1214527771808207 -0.9894332201220095
0 0129 0.4876642871928669 0.4577421834047234 -0.5050264868710920 0.5455308278064515 552475.1589103254955262 4183583.9976062471978366 -0.7256007070745909
0 0130 0.6877519896309660 0.6345693955694203 -0.2401877363043428 0.2581254235721537 552475.4056944949552417 4183585.0130252242088318 -0.7093989523127675
0 0131 0.7066259114470069 0.6351941713077237 0.2165732783573770 -0.2242859806361489 552475.2538339423481375 4183584.9679158125072718 -0.7401795343612321
0 0133 0.7167957066417504 0.6946053591866554 -0.0500888616526253 0.0349058142359566 552640.4268487540539354 4183610.3230805671773851 -1.8433262858452508
0 0135 0.3923454249755625 0.2768156144328997 -0.5392611283392352 0.6918349648356726 553333.1724872910417616 4183332.6269550994038582 0.0533984900102951
0 0137 0.4748735628402234 0.3963117318056931 -0.5123443061780749 0.5957645696712012 553300.2635731631889939 4183383.3840925865806639 -0.4634159144625301
0 0152 0.7418257950284320 0.6527582073276411 -0.0972328928088067 0.1189410658808379 552946.8070981382625178 4183854.8483220152556896 -0.7074313161429018
0 0153 0.4831424170540322 0.3815012714722491 -0.5250941324538638 0.5876277195391388 552935.0052754547214136 4183873.9837511060759425 -0.8265091454377398
0 0154 0.4959316273434923 0.4556761136724552 -0.5004456841392506 0.5440268537997002 552909.1957360160304233 4183887.0703085423447192 -0.3609342786621710
0 0155 0.6244933128773363 0.5657478878159444 -0.3684121321762669 0.3926957224985063 552909.1270122111309320 4183887.4990064594894648 -0.4308455631253310
0 0156 0.7054619679341357 0.6616342353162129 -0.1690061017090041 0.1897379457071052 552889.3897554136347026 4183933.5655448138713837 -0.9524708868120797
0 0157 0.7040903263055723 0.6230376564336647 -0.2259606199705518 0.2549954691579506 552875.4550329726189375 4183957.1457303045317531 0.2425831381697208
0 0158 0.5283287136517345 0.4641203496119234 -0.4835738509925519 0.5211692642927461 552874.8345796095672995 4183960.8729634420014918 -0.9475938835093984
0 0160 0.5984972948637495 0.4753314381641793 -0.4094317121086150 0.4982235292048698 552738.4612119293306023 4184129.1838849582709372 -0.5386678508948535
0 0161 0.7580595214494880 0.6517939834245172 -0.0117397744786416 0.0193013679972202 552715.1351528511149809 4184179.9229081477969885 -0.8429509808775038
0 0166 0.7684966011367939 0.6397368562311742 -0.0056098718638692 0.0108746566989761 552538.7885881623951718 4184354.1373874782584608 -1.2381419404409826
0 0170 0.5874437045720294 0.4590631254768652 -0.4439148685725800 0.4971021326108864 552368.9129052949137986 4184514.9038521400652826 -1.0407257959013805
0 0171 0.6073471502223186 0.4663417357233989 -0.4269011185432514 0.4810512027069854 552363.4843224512878805 4184516.1369084534235299 -0.8644875583122484
0 0172 0.7711107692614396 0.6362602806237710 0.0193047771079731 -0.0137245185854480 552342.9548049645964056 4184527.9808832909911871 -0.8166346381185576
0 0173 0.7756994297250676 0.5622901897338680 -0.1742957447092640 0.2274667681871325 552336.3405779576860368 4184533.0551723083481193 -1.1021972924936563
0 0174 0.6110708226187527 0.4675746792188284 -0.4168708655399690 0.4839266995748503 552328.1237081083236262 4184539.0066899564117193 -0.8988760262727737
0 0175 0.7149759698934227 0.6882195919588522 -0.1023535490643432 0.0684609867945510 552293.1000681297155097 4184562.8513933657668531 -0.1382980918860994
0 0176 0.7277315279000734 0.6572235246348206 0.1389990148582565 -0.1383594443297678 552012.6893971080426127 4184709.5206155981868505 -0.4133474309346639
0 0177 0.6047271695023613 0.5610369387307869 -0.3869489242437681 0.4120838917888449 552210.0264782616868615 4184571.1147099668160081 -0.7014330312667880
0 0178 0.6944078127469040 0.6109847137399036 -0.2479231583451832 0.2881485324071215 552235.7255071811378002 4184555.2714211586862803 -0.4703547196695581
0 0179 0.6939226604421297 0.6473496431719848 -0.2126162859605236 0.2328177307560007 552314.2810823100153357 4184506.0297441100701690 -0.9556278149248101
0 0181 0.6948031843093719 0.6487276210879094 -0.2136629069845148 0.2252757663178739 552354.2447065762244165 4184480.9710722793824971 -0.3320703287899960
0 0183 0.6971436265742876 0.5986280628748815 -0.2599600660167369 0.2967422624805757 552409.5375863173976541 4184436.9630248760804534 -0.2310652518644929
0 0185 0.6815232984433635 0.5117198088511586 0.3343329799646702 -0.4023559237990106 552639.8185686082579195 4184215.0091819558292627 -0.1392432222492062
0 0186 0.6289865771898895 0.5504230412704489 -0.3621319950822422 0.4126388002736675 552714.7987588508985937 4184117.7454039226286113 -0.5486919959075749
0 0188 0.6033218148621196 0.5795910916463852 -0.3832573398913918 0.3913959192620742 552839.2654601898975670 4183947.5556688359938562 -0.8046278300025733
0 0189 0.5979178666975038 0.5427300855193492 -0.3909990710748786 0.4416537165864768 552892.0375775985885412 4183870.8978633568622172 -0.4535175673081540
0 0195 0.7450756978793537 0.6216215755064726 -0.1432276343459835 0.1947682367689813 553330.3514265606645495 4183223.8648533527739346 -0.4628974727820605
0 0196 -0.2104519941054641 -0.1551841610536549 -0.5809926424908215 0.7707628582817413 553344.4577309463638812 4183203.9999796655029058 0.7545823259279132
0 0198 -0.1145531060622755 -0.0889843997311149 -0.6162077911702029 0.7741106643091269 553378.4155272267526016 4183171.2252069981768727 0.6964403897291049
0 0199 0.7617879833984361 0.6077636187693944 -0.1479687167873320 0.1685458718046346 553380.6546153987292200 4183177.6360068353824317 -1.0289511067094281
0 0203 -0.2463953327678784 -0.1627808018242831 -0.5658801107338299 0.7697866268151963 553439.4721330597531050 4183195.8555796397849917 -1.7453454686328769
0 0204 0.7376679553069901 0.6081861149156169 -0.1862396362760276 0.2264297577988044 553428.5652891392819583 4183201.9416248258203268 -1.3281826097518206
0 0206 0.7720840612419110 0.6337039506655251 0.0303708652484684 -0.0371902652741586 553410.5855699038365856 4183231.0207771612331271 -0.9357796092517674
0 0209 0.7522640012779168 0.4832119886574071 -0.2449061888480616 0.3750013400816187 553344.6115770814940333 4183258.7257783608511090 -0.9770006260368973
0 0211 0.4943612176088588 0.3717762190297149 -0.5090203378921128 0.5985714035104378 553306.9338148795068264 4183367.9453332466073334 -1.0024539875303162
0 0225 0.7381515585930001 0.6669999621575431 -0.0713205032486921 0.0718102558477137 552946.8590915603563190 4183854.1570230335928500 -0.9301979601150379
0 0226 0.8050639928435863 0.5924012266026848 -0.0240476741787421 0.0188272014109777 552935.5079873757204041 4183870.8591167312115431 -1.2689164842013270
0 0227 0.5022604194378605 0.4107535264051316 -0.5121829871169744 0.5627473672259933 552934.9187277096789330 4183874.2797357561066747 -1.1315191958674404
0 0228 0.6397705485715488 0.5576657943322485 -0.3545986784889230 0.3923802801188552 552908.1584241120144725 4183887.5950519936159253 -0.5415755486465059
0 0229 0.6981299505954950 0.6553432181794892 -0.2018588394674005 0.2058952340306996 552887.4265837541315705 4183938.4299886501394212 -1.2637002237024717
0 0230 0.7058137416029308 0.6347155407017139 -0.2147946537777382 0.2298399470603485 552875.3542706607840955 4183954.7748199310153723 0.4750905100372620
0 0233 0.7752219997542088 0.6255330243664950 0.0601974880450497 -0.0641525444316718 552716.0520193006377667 4184179.6269933604635298 -1.1503573867958039
0 0238 0.7671762914059637 0.6389231126085060 -0.0239454454945721 0.0514238244330073 552385.8139269553357735 4184504.0163818956352770 -1.0823843342950568
0 0239 0.6253008889498793 0.4757411109615793 -0.4104455426196179 0.4628214020150972 552368.5517011808697134 4184515.0093499142676592 -1.0043653713073581
0 0240 0.6050780765944925 0.4677536042997132 -0.4300803019591440 0.4797061816946580 552363.1057601566426456 4184516.2679134705103934 -1.0585999239701778
0 0241 0.7669513074453119 0.6400265439361467 0.0400896971040362 -0.0233351934036341 552342.9866535032633692 4184527.5824645454995334 -0.9272710678633302
0 0242 0.7773220067670402 0.5776185529643857 -0.1438618686425095 0.2035462301730882 552336.1342677930369973 4184532.4406506377272308 -1.0253084851428866
0 0243 0.6212881145198773 0.4777945071492152 -0.4073606316315723 0.4687971880153514 552327.5202260207151994 4184539.0023949681781232 -1.2067314268206246
0 0244 0.7762695770622154 0.6298402950542488 -0.0137825822769608 0.0227329470021968 552293.6900159477954730 4184561.5875202948227525 -0.9363346276804805
0 0245 0.7618568870713471 0.6474650456021134 0.0142733386320262 -0.0126241890711956 552272.7723574949195608 4184555.0695039285346866 -0.7804286092286929
0 0246 0.6406954631092011 0.5986907257115013 -0.3314241328514209 0.3481907274210584 552273.7183730546385050 4184555.1981417313218117 -0.7077811036433559
0 0247 0.6999998851525000 0.6737262642297905 0.1604848471631498 -0.1741771957073536 552012.0849495639558882 4184708.8003631085157394 -0.7126413332880475
0 0248 0.3223457014425987 0.2867984489386392 -0.6064384496248202 0.6678864463847984 551863.9406364604365081 4184673.4878159700892866 -1.1032942589663435
0 0249 0.3112069252176095 0.2387248725489057 -0.5675748326566945 0.7238919078549195 551889.9812431822065264 4184658.6438530352897942 -0.6424125734483823
0 0250 0.7080803568423856 0.6433397003605281 -0.1911676231955527 0.2195248916085579 552313.6766633507795632 4184505.0249980562366545 -0.9226906520780176
0 0251 0.6700491711128986 0.6278742654352825 -0.2732800279456548 0.2865764146280084 552330.5924231756944209 4184494.2963335793465376 -0.7331698490015697
0 0252 0.7002059459982752 0.6264662636354033 -0.2267673525933959 0.2565701103268664 552353.1087572567630559 4184480.0910835107788444 -0.6196806574589573
0 0253 0.7359267249269162 0.6769627175963763 0.0054909955191449 -0.0101579274992735 552375.4608904097694904 4184466.9115021065808833 -1.1028045049170032
0 0254 0.6648086377013370 0.6207550033915619 -0.2883619868218076 0.2992324607361541 552408.1108613635879010 4184436.5809033624827862 -0.8356414401787333
0 0255 0.0782491393893623 0.0449623256837037 -0.5918562831794334 0.8009754063109322 552601.3721238109283149 4184260.7778799924999475 -1.0367733247112483
0 0258 0.6060620318864222 0.5506570274210557 -0.3943711766095517 0.4170575820160876 552713.3880789654795080 4184117.8046491676941514 -0.9543336965725757
0 0259 0.6810986628423306 0.6300540693028779 -0.2514821450453165 0.2754872264782523 552783.9418682344257832 4184017.1701428191736341 -1.0269920969149098
0 0260 0.6542402721506304 0.5798492444883985 -0.3282703957617211 0.3577472113503405 552961.9331450380850583 4183771.9569219481199980 -2.1355394861893728
0 0267 0.5309324344787376 0.4625892399854553 -0.4710420193565140 0.5312639278820818 553260.5670039937831461 4183340.2190492209047079 0.1276733187842183
0 0268 0.6174452505751677 0.4709746223941331 -0.4014634757003405 0.4855629158836929 553275.8540018431376666 4183308.8347394457086921 -1.0980167136294767
0 0269 0.6424220561991343 0.5040718746810480 -0.3758055703185688 0.4381502255870073 553310.0938032011035830 4183245.4325025691650808 -1.3094736826024018
0 0270 0.7325008962037355 0.5913301296268469 -0.2045538586567730 0.2681955140654775 553328.1938016654457897 4183222.2968653319403529 -0.9022499864222482
0 0272 -0.2883315800994057 -0.2456078024113408 -0.5854910967880268 0.7167578969875430 553359.5623592948541045 4183189.4436586769297719 1.0415770692052320
0 0273 -0.0907635032059605 -0.0825724878633450 -0.6258938398391634 0.7701952168023553 553378.3367254595505074 4183174.2660015653818846 -1.2427285289159045
0 0275 -0.0637727382397644 -0.0250583374906107 -0.5964318372937163 0.7997338188685352 553063.6811097479658201 4182979.3403485640883446 -0.8245119529310614
0 0276 -0.1041817008478170 -0.0665522142896206 -0.5983587412536739 0.7916336227996656 552992.2091874753823504 4182902.5452905334532261 -0.9983253462705761
0 0278 -0.4687457539870598 -0.3807714603579647 -0.4909542205111921 0.6278968597295366 552975.7949195911642164 4182888.3990002949722111 -0.8450038117589429
0 0279 0.7598853009289481 0.6483730180210079 0.0257521763891397 -0.0390331185747993 552977.0940605140058324 4182889.6904278728179634 -0.8646116770105436
0 0280 0.7059657523060197 0.5702953601669324 0.2589576870880811 -0.3306304206225678 552965.4144687922671437 4182880.2798537677153945 -0.6767181127215736
0 0285 0.7464856657431308 0.6345199652323096 0.1315687649351493 -0.1511066664812074 552900.3917108327150345 4182814.9853987377136946 -1.2737703606253490
0 0286 0.0212515978997081 0.0282193443600680 -0.6164286610009562 0.7866179149289477 552900.7978529391111806 4182812.7846704069525003 -1.1171741622965783
0 0287 0.6543610371274119 0.5248728551631813 0.3289356389472165 -0.4337297135691470 552898.6176133113913238 4182813.8493317612446845 -0.7116086085443385
0 0289 0.7622094963472060 0.5957040542374082 -0.1254298031971479 0.2200925439745250 552886.3677834293339401 4182800.3342344434931874 -0.2127519625937566
0 0291 0.6338989403702816 0.5154860391000274 -0.3469419192616434 0.4605188178016686 552874.7068513426929712 4182785.5492751579731703 -0.6882725415052846
0 0292 0.7623320313406603 0.6141477664751112 -0.1127687630765538 0.1701634537726564 552858.7392677183961496 4182778.7006786507554352 -0.3845808951882645
0 0294 0.5762956730330886 0.4496203444247445 0.4286595609495210 -0.5310139583186841 552879.2058080928400159 4182763.8447820846922696 -0.7728359570319299
0 0295 -0.3538802529922749 -0.2805157017647215 -0.5414769543045332 0.7091420277791015 552807.5843895513098687 4182724.7675803871825337 -1.1058856493327767
0 0296 0.6156794977820066 0.4870759889701685 0.3712108191927559 -0.4958813010125221 552785.7856392730027437 4182721.5534797413274646 -0.5820992589724483
0 0297 -0.0160512477838963 -0.0023499349998832 -0.6120647241735194 0.7906412642105584 552786.9366333123762161 4182721.0531267118640244 -0.9185023976024240
0 0298 0.5960062932905700 0.4596630843387213 -0.3834527726033876 0.5352105365526948 552789.9168668452184647 4182724.9121169587597251 -0.8633341083768755
0 0299 0.0422289887196308 0.0359925563613801 -0.5910202526747288 0.8047461148254088 552788.4408914663363248 4182716.2718007843941450 0.3124065813608468
0 0300 0.7175953395335862 0.5886789899100437 0.2404560223395108 -0.2840684368929927 552783.1617484330199659 4182699.3377588391304016 -1.0936524635762908
0 0301 0.0281300389891908 0.0333433329737208 -0.6007746428652682 0.7982272555749895 552787.7661367453401908 4182696.8012641156092286 -0.9890897767618299
0 0302 0.6600639937477513 0.5177515715962254 -0.3251986134356729 0.4364569807975613 552789.4084667705465108 4182698.0855172937735915 -0.6927569247782230
0 0303 0.6577392608712584 0.4692821372837701 0.3698393835964714 -0.4586634612391631 552790.2968320972286165 4182676.3334085894748569 -0.8779021427035332
0 0305 0.7220548056555105 0.5798399981928503 0.2393814058242585 -0.2917515666986213 552775.2447763520758599 4182702.5726570975966752 -1.1184344183420762
0 0306 0.7731344035005824 0.6093882852188438 -0.1128016393637005 0.1348514075517837 552771.7037962435279042 4182707.0674130138941109 -0.4191850974457338
0 0307 0.6798671363434318 0.5011127659580527 0.3253585966712523 -0.4252157761491981 552769.5877181133255363 4182705.0647837487049401 -1.4932448629988357
0 0308 0.1862922245519857 0.1637075979665517 -0.5581887084952597 0.7917830480301334 552748.4205498639494181 4182712.5621621175669134 -1.1899085612967610
0 0309 -0.3546845890847622 -0.1734469678838882 -0.5397045799002993 0.7435280479123166 552739.0324365440756083 4182712.1638070074841380 -0.4370169455651194
0 0310 0.0008312689212486 0.0440631348232220 -0.6002227721092362 0.7986177890474484 552729.0121224133763462 4182709.4826869606040418 -0.7297428643796593
0 0311 -0.1306687904390730 -0.1073010179358265 -0.6236059147299990 0.7632351026183782 552714.3062286744825542 4182707.5223952895030379 -0.6362674076808617
0 0319 0.6931434626131123 0.5205552097958757 0.3143588622304753 -0.3869792236389932 552615.7178561219479889 4182679.1697248471900821 -0.7891600998700596
0 0321 0.7151973271407969 0.5539647107225648 0.2628788553451853 -0.3354259827996786 552547.5421327843796462 4182669.4741867687553167 -1.9741840573260561
0 0322 0.6668894429254764 0.5035015487633331 0.3309731296430780 -0.4384078566377875 552545.8873012684052810 4182666.6247974210418761 -2.0173254393157549
0 0324 -0.2603256522981090 -0.1742056264436959 -0.5862925962447418 0.7470903198807517 552532.0595257128588855 4182676.8450231188908219 -1.3897901924792677
0 0325 0.2441783772072093 0.2087631783939821 -0.5918162788225725 0.7392890825461305 552505.4070089617744088 4182672.4680470163002610 -1.2080301734386012
0 0326 0.5587356935263664 0.4681207556757815 0.4395450997121799 -0.5248594937734816 552494.4252868639305234 4182675.5013081771321595 -0.8665089770220220
0 0327 0.7925772664223473 0.5992421248751629 -0.0656043465077749 0.0917944565040121 552500.0584765449166298 4182659.0964748742990196 -0.8747174253221601
0 0328 0.7229143814613557 0.5224245906696977 0.2839450291632278 -0.3519127229206669 552497.4822690796572715 4182654.8818966806866229 -0.4971695177955553
0 0329 0.8121876336207616 0.5793977092486359 -0.0446386090754401 0.0515454837085728 552499.2606670178938657 4182659.2577528310939670 -1.0144517826847732
0 0330 0.7111081494359631 0.5827142979423848 -0.2476784133785596 0.3056544623027005 552473.7931624702177942 4182655.6866280157119036 -0.8528732736594975
0 0333 0.7417948521922035 0.5535486624205949 0.2670592450441164 -0.2683349310656067 552425.4228271981701255 4182646.3628018507733941 -0.8190685217268765
0 0334 0.7310253837777707 0.5851597939260721 0.2229519803900777 -0.2710762222790894 552407.5405987962149084 4182643.2904693814925849 -1.5535268378444016
0 0335 0.7734861044807301 0.6244651107849446 0.0321971940770696 -0.1035659803272078 552413.8986784714506939 4182655.0296015557833016 0.2655474016210064
0 0337 0.3649860417268139 0.3134984530154679 -0.5572694110396946 0.6767235128329536 552396.4902320106048137 4182655.0613598246127367 -1.3875852560740896
0 0338 0.3813337611494523 0.2892161498922933 -0.5443023970905391 0.6889655156614038 552348.2269280645996332 4182644.6305593289434910 -1.8859360361821018
0 0339 0.4675406112306059 0.3519720787549033 -0.4387081396023169 0.6819505853606534 552349.7872074565384537 4182627.4534237738698721 -1.9026000489539001
0 0340 0.6338213802219483 0.4812175332643884 0.3646692177594548 -0.4834423494804618 552361.5730345856864005 4182650.0691085406579077 -1.0008866716234479
0 0341 -0.2313152958460837 -0.1868821645887748 -0.6122191730885786 0.7326363180794341 552356.8355914247222245 4182648.7263848772272468 -1.0685834685573354
0 0342 0.2290530210873249 0.1938532568390519 -0.6105975206062902 0.7328890067214224 552358.0761253004893661 4182649.6309457896277308 -1.1000566931907088
0 0343 0.3550320675817913 0.3049726618980003 -0.5643550018102071 0.6800348067674532 552361.2562796364072710 4182648.3912518112920225 -1.1596743013360538
0 0344 0.7625168902252351 0.6410985187113623 -0.0652794307790926 0.0574393362121427 552362.5062457623425871 4182636.2543019182048738 -1.4739481509895995
0 0345 0.7289102296914803 0.5520143835879933 0.2341194886770518 -0.3303907722450450 552360.7762496210634708 4182636.0954727493226528 -1.1072270041331649
0 0346 -0.4897082480074287 -0.3212773017070969 -0.4860543844977926 0.6486276763689425 552358.5213358330074698 4182632.0730449678376317 -1.4686188731575385
0 0347 -0.1595890191029213 -0.1102327356969258 -0.6142889922311934 0.7648719650935860 552358.4454339904477820 4182631.9911968433298171 -0.8387505157152191
0 0348 0.7532223133394149 0.6098439453155106 -0.1457994087628826 0.1987184980167336 552343.1803639444988221 4182632.5133948945440352 -0.2868817157577723
0 0349 0.4874937387872657 0.3945362742381931 -0.5074619042321982 0.5909089597446375 552345.5608733813278377 4182631.9111948334611952 -0.7683718780244817
0 0350 0.7466460567020947 0.6159321993897563 -0.1707696330294569 0.1843500046137629 552340.6814215914346278 4182633.2773630814626813 -0.4757314295275137
0 0352 0.7222459038828246 0.5853902787716750 -0.2196331632900129 0.2957031440944193 552295.1597252178471535 4182625.8314882996492088 0.4823173697805032
0 0353 0.4407295222238550 0.3802438893506765 -0.5365590420564312 0.6109635563921043 552274.2146169038023800 4182621.8932586447335780 -3.6746035466785543
0 0354 0.6999502994059325 0.5733189493811440 0.2603073266850055 -0.3370683258868335 552222.4928874168545008 4182612.4920735415071249 -0.6328982925624587
0 0355 -0.2757718657900076 -0.1479970236865308 -0.5599636583781088 0.7671293634807830 552226.6321572121232748 4182631.3080120971426368 -1.3812250141054392
0 0356 0.2706071822746870 0.2490450354493012 -0.5754762699996463 0.7304624465957882 552228.7410936949308962 4182631.8055218020454049 -1.1006515348562971
0 0358 0.5588995304909320 0.4473269041738766 0.4324395919239288 -0.5482024762402092 552226.3592620317358524 4182631.5398179609328508 -1.2985691603826126
0 0359 0.3583948857585074 0.2946022881175218 -0.5457993998787654 0.6977575601812187 552206.4084208800923079 4182624.3565256139263511 -0.4482113411067985
0 0360 -0.2842795463644886 -0.2361811319948760 -0.6224204994912713 0.6899248757810201 552186.3570691815111786 4182619.3793198177590966 -0.0876055771950632
0 0361 -0.0874876957954479 -0.0509776516001485 -0.6245544001419195 0.7743894261836897 552168.2843619638588279 4182617.0794870085082948 0.5391202085884288
0 0362 0.3864322850907760 0.3484128945219969 -0.5450344415210974 0.6574313663996498 552082.2890151205938309 4182650.1705621299333870 -9.4486601683893241
0 0363 -0.2133889793236175 -0.1600886093028067 -0.6080480591624486 0.7477394856656276 552151.4204784727189690 4182613.0783692132681608 -1.1784060354111716
0 0364 0.1356901445482349 0.1209079006410496 -0.5470168320696605 0.8171548504827747 552134.7259794250130653 4182611.9407849945127964 -0.9839614741504192
0 0366 0.7506286909790297 0.6076883880825144 0.1795985516365694 -0.1871249623081597 552095.4534248497802764 4182591.6216755369678140 -0.4806645192438737
0 0367 0.6716912903982676 0.5273584926527378 0.3226550880625357 -0.4081880997499802 552082.9057474290020764 4182589.2426404599100351 -0.7998117177630775
0 0368 -0.3476767458681478 -0.2710742190566557 -0.5681945138425828 0.6948342554771970 552081.0127810388803482 4182589.0086862756870687 -0.8823632765561342
0 0369 0.7653449006330436 0.6302290611390253 -0.0751435560637422 0.1068267735772031 552079.4884814454708248 4182587.0813449868001044 -0.3970083260210231
0 0371 -0.2470379606528132 -0.1879057720442465 -0.5769345200255522 0.7555198385428674 552075.2191999705974013 4182604.8925509918481112 -0.9434007444651797
0 0372 0.5942738164605262 0.4994403777055374 0.4042283629830282 -0.4837327472343093 552075.2899724238086492 4182605.1858438700437546 -0.7227799182874151
0 0375 0.0700046243619153 0.0618025057197569 -0.5947117354292975 0.7984971850904548 552050.3246695713605732 4182596.9360955413430929 -0.0727523057721555
0 0376 -0.1725364771880002 -0.1232114869502863 -0.5960317313470083 0.7744651501200953 552029.6241333520738408 4182594.6768088554963470 0.5004825786454603
0 0377 -0.2291267016192237 -0.1530698608637868 -0.5834978084615715 0.7639377460374499 552012.2955408343113959 4182589.8475365648046136 0.4719227240420878
0 0378 -0.3608124138977976 -0.2365854018892842 -0.5546354467658779 0.7114922844142059 551999.2615438259672374 4182588.9562398074194789 -0.8361180706415325
0 0379 0.7118557897776144 0.5161335135132745 -0.3143363715727196 0.3578549654469367 551994.8060777753125876 4182575.1322254063561559 -0.3351964262546971
0 0380 0.8047120797119678 0.5872749151825052 0.0184286347340628 -0.0848942176173355 551989.5003411902580410 4182574.7385583166033030 0.3716668258421123
0 0382 0.7677868929810469 0.6089540387708824 -0.1180193089401884 0.1604671566035293 551963.3473980551352724 4182570.1151885124854743 -2.2179410835960880
0 0383 -0.3888913876989188 -0.2991953001360158 -0.5468563029949183 0.6783758875615042 551937.5390458859037608 4182562.9264034610241652 -0.8314557968406007
0 0384 0.6945313539155421 0.5307680745553999 0.3004405581852133 -0.3816371581205832 551935.3580738520249724 4182565.8156962278299034 -0.2084991630981676
0 0385 -0.3989338903927816 -0.2686208013555296 -0.5332677116214073 0.6959311488338922 551935.3166548716835678 4182562.7121156305074692 -0.4201862212503329
0 0386 -0.2694053892953919 -0.1596814757652127 -0.5421526248418511 0.7797391191245526 551931.4340803190134466 4182579.6203030012547970 -0.6782675082795322
0 0387 0.2423092488038647 0.1966218575044145 -0.6017531997307468 0.7352000814128277 551932.7937041360419244 4182580.4446506276726723 -1.0997489151777700
0 0390 0.7444406205172072 0.5391763897203355 -0.2239478825367760 0.3239511216208318 551923.6242488003335893 4182529.8976065833121538 2.2069960890803486
0 0391 -0.0770414224144444 -0.0654558829600136 -0.6597450311067574 0.7446587410003511 551933.5676351493457332 4182482.6580018070526421 0.0783527940511703
0 0392 -0.0994764559545463 -0.0854327044138804 -0.6351715752706746 0.7611588255386805 551934.0722295674495399 4182473.4966796236112714 -1.3451035126345232
0 0393 0.3507647288061980 0.2930191785343622 -0.5676796881303487 0.6847215767892757 551935.9871561576146632 4182473.3469033287838101 -0.8289733999990858
0 0394 0.6985625942830642 0.5133598155388316 -0.2890820381658086 0.4060832142164381 551935.5495535819791257 4182473.8160861171782017 -0.9994184663519263
0 0395 0.6125355545018492 0.4754004188112486 0.3991310769672959 -0.4893761535507508 551951.1964697113726288 4182476.1809226814657450 -0.7415761760275927
0 0396 0.2185431543301510 0.1571938859530349 -0.5708690331498149 0.7756529629318820 551961.3767991475760937 4182477.5790619105100632 -1.2877397682750598
0 0397 0.7004206892223004 0.5168757716154837 0.3081545377802808 -0.3837851947009907 552002.1682218702044338 4182471.1156152253970504 -1.1045376736437902
0 0398 0.7415271678780085 0.5671593282464994 -0.2288064462482792 0.2758901336348086 552012.5689841313287616 4182469.9844986451789737 -1.9502387577667832
0 0399 0.7704511160475636 0.6190801110032140 -0.0922185928422030 0.1209984507153540 552019.3168216102058068 4182474.8945577428676188 -1.0483135678805411
0 0400 0.7872605876746146 0.6164161537075799 0.0048230475272916 -0.0151205408343509 552046.5365388306090608 4182479.3044480178505182 -1.2090946561656892
0 0402 0.7414783819082450 0.5449727978906106 0.2477607734798654 -0.3030330969492760 552078.0575316702015698 4182483.6024245033040643 -1.6957027416210622
0 0403 0.7354382124837280 0.5938987579074753 -0.2097252620933372 0.2498603918482844 552083.9657385209575295 4182482.4365668976679444 -1.6186537011526525
0 0404 -0.2476435186493794 -0.1871589767564811 -0.5786485273016451 0.7541949926524696 552075.2356315737124532 4182500.1788909137248993 -1.3141909163678065
0 0407 0.6342195962488583 0.4854015708945086 0.3652807726661977 -0.4782476093274946 552096.9872522489167750 4182498.7413715538568795 -1.5787639203190338
0 0409 0.7218733541032384 0.5456344860171978 0.2595834126110592 -0.3373400661079048 552151.6001192547846586 4182490.1814376278780401 -1.5495973621727899
0 0410 0.8198308083965107 0.5681778549567578 -0.0509222853443338 0.0495811617045369 552171.7231988229323179 4182494.8256854801438749 -2.1115607805550098
0 0412 0.4874423713704764 0.3983534123699491 -0.4770441794697479 0.6133052619046884 552209.3019890296272933 4182498.5960805765353143 -0.8327317885123193
0 0413 0.6791227698177189 0.5651510107847246 0.2848594388337183 -0.3718221330575313 552239.0015472141094506 4182504.1985078006982803 -0.5799946155748330
0 0415 0.6585905422801834 0.5303005924381152 0.3329574134787861 -0.4173477447985010 552239.6739409549627453 4182508.1288352943956852 -0.7516214285278693
0 0416 0.5097299318763525 0.4240648723590782 -0.4930869781521227 0.5632136473463826 552046.5558069433318451 4182688.9443603730760515 -1.4990361602926896
0 0417 0.7783363746536358 0.6156149209250932 -0.0602027333092404 0.1076400851333875 552024.1575325384037569 4182685.4284115601330996 -0.7759602359728888
0 0418 0.7988964083451904 0.5887593860094894 -0.0436399768711744 0.1149889844183657 552002.7977860962273553 4182681.5101050427183509 -1.2698441215325147
0 0419 0.7179720136649576 0.5157463211895232 0.3187473216605006 -0.3419386855967257 551947.1805138816125691 4182671.6362189976498485 -0.9933506387751549
0 0420 0.7200006131494471 0.4925776289967276 0.3122300096908227 -0.3761367005821836 551919.2667510332539678 4182667.7148370919749141 0.2368267047568224
0 0421 0.5257944774724822 0.3236464855979801 0.4643724147185477 -0.6349420290609064 551919.0821183873340487 4182664.4391924631781876 -1.7977163154864684
0 0422 0.8067061325412158 0.5881269818518542 -0.0337672946284650 0.0468149415432497 551917.5221075047738850 4182667.9221231318078935 -1.0664703850634396
0 0423 -0.2224829938176939 -0.1548337610390125 -0.6043690666876685 0.7491767849683453 551913.5661083362065256 4182683.1290457379072905 -1.0540129243163392
0 0424 0.2164153929326976 0.1741150105128676 -0.5855009068468882 0.7616016208605136 551915.2815210560802370 4182682.7878070995211601 -1.2861947686178610
0 0425 0.2917595890919271 0.2077936034732253 -0.5636305937799810 0.7443243340666406 551933.4189816794823855 4182686.1670925463549793 -1.4916657323483378
0 0426 0.3978133116759293 0.3405914650441921 -0.4983866270571047 0.6909072245700745 551948.7430481878109276 4182687.5681671071797609 -2.0573049542726949
0 0427 0.3673086361132255 0.2993870762308772 -0.5391774795517899 0.6962322816178149 551964.8085609499830753 4182690.1346030859276652 -0.1305041333544068
0 0428 0.3647609626415808 0.3160089529202926 -0.5171695868735786 0.7068404347658808 551973.7154305719304830 4182693.8771995464339852 -2.8734683463117108
0 0429 -0.2510660344903156 -0.1573433741312440 -0.5840228472978067 0.7557289347222756 551987.7168110166676342 4182695.0722149815410376 -2.9379220609553158
0 0430 -0.1609200345282537 -0.0701906661984097 -0.5970053607646805 0.7827915508513635 552007.0792048618895933 4182698.0249244594015181 -2.0286207702010870
0 0431 0.2567386246727586 0.2013539207285273 -0.5488392256487267 0.7696215833756851 552044.0329494453035295 4182706.1940942970104516 -1.4744442766532302
0 0432 0.3791631486080362 0.3018056916638224 -0.5244236617993714 0.7000917469602828 552054.7248573452234268 4182706.8496047318913043 -1.7620383301982656
0 0433 0.3912304315724263 0.3261655936744268 -0.5183726584877578 0.6869094131302879 552070.4575869697146118 4182710.1305433944799006 -1.8334875892032869
0 0434 0.2805747540239717 0.2268957493234932 -0.5373886913458511 0.7622398052823743 552125.4341257344931364 4182717.2199325324036181 -2.1567561427364126
0 0435 -0.1296023795627393 -0.1273759247491069 -0.5727427590462808 0.7993399332987432 552128.4339815243147314 4182716.6751799667254090 -1.0541157128755003
0 0436 -0.1563752900237677 -0.1071033245006880 -0.5619585101823398 0.8051573010192034 552167.1218116822419688 4182723.2848153617233038 -3.0270378265995532
0 0437 0.7194851146835678 0.5386272714368971 0.2728284216149697 -0.3432003563114419 552196.6502072634175420 4182713.6109075890854001 -1.3910898531321436
0 0438 0.7742613973228193 0.6265712645384107 -0.0610750086183731 0.0647887520540238 552209.3823239704361185 4182717.4186200010590255 -1.5733927328838035
0 0439 0.7047253049359840 0.5166741741855344 0.3223407226251758 -0.3640144239588040 552209.1973522645421326 4182717.7923408439382911 -1.3943763573188335
0 0440 0.7502830961984581 0.5291139239475980 0.2472723540005013 -0.3097904356023302 552238.3092241357080638 4182724.2414196063764393 -3.5136012943694368
0 0441 0.7989098560450936 0.5982271312015380 -0.0042883930234938 0.0620399153260363 552254.0554574489360675 4182725.3038572496734560 3.0913189514540136
0 0442 0.7560002181837406 0.5652959438057631 0.2105740063723966 -0.2540920184955958 552263.8520838855765760 4182726.6408603908494115 3.1763027706183493
0 0445 0.7456319834441517 0.5965250602492360 -0.1912828616667126 0.2271599977821336 552326.0223658368922770 4182735.1824358603917062 -0.4006144701270387
0 0446 0.7141932314831706 0.5224365869288438 0.2794384948301878 -0.3726958120891704 552326.0794085045345128 4182735.3448673845268786 -0.5801336119184271
0 0447 0.7600966186290159 0.5593601829505879 0.1923526819142931 -0.2690162854523867 552340.2475738106295466 4182736.0248298039659858 -0.4383660076418892
0 0448 -0.2394756938720260 -0.2019301410221442 -0.6149261426419991 0.7236998336926164 552340.4536659091245383 4182734.2788319778628647 -1.0238282434875146
0 0449 -0.2749411334264716 -0.2346355333383682 -0.5815380052711056 0.7288121075218840 552338.8582138824276626 4182754.3705561729148030 -0.5382584810722619
0 0450 -0.1393115773998255 -0.0931263197179936 -0.6190943650368699 0.7672300438315416 552342.4776395123917609 4182755.8096272670663893 -1.5235066324239597
0 0451 0.5815614672431970 0.4975163833932431 0.4272557688349171 -0.4813691058538461 552339.4484031375031918 4182755.3784707756713033 -1.0789567706124217
0 0452 0.6720502919786943 0.5114467428543436 -0.2964849726569639 0.4459453949348891 552329.8949520485475659 4182717.0874362960457802 -0.6306664566509426
0 0453 0.2157456711836723 0.1655199418858701 -0.6264245075910465 0.7305130323908807 552344.0206954590976238 4182754.0087290294468403 -0.9620402103755623
0 0454 -0.1292306074355783 -0.0866638351360635 -0.5612953371324185 0.8128569211704760 552362.0045764461392537 4182756.5558950188569725 -2.3351538262795657
0 0455 0.3684260298521372 0.3029824503175024 -0.4837048717706656 0.7338211582888015 552374.5698781001847237 4182758.9507078980095685 -2.9584478467004374
0 0457 0.7703121855899492 0.5989976041696112 0.1507944850708640 -0.1583730728467264 552461.4872628315351903 4182758.3524346146732569 -0.7080101944738999
0 0458 0.4861580812691539 0.3951211360457099 -0.4757507660011069 0.6174065245168716 552464.2048423953820020 4182757.8328051301650703 -0.8970656434248667
0 0459 0.6986836454777982 0.5325792410241631 0.3100526924465863 -0.3634113970125365 552479.7354032804723829 4182759.7562227169983089 -1.0775725943967700
0 0460 -0.3950636773168165 -0.3116033161410835 -0.5444654928108291 0.6711075855427767 552480.8232910840306431 4182761.0178081435151398 -1.6132013241294771
0 0461 -0.2572074439897016 -0.1817172406904801 -0.5604128250334958 0.7660030291912030 552477.6633237253408879 4182775.2667279066517949 -0.8744506672956049
0 0462 0.1761611377036756 0.1059622602342221 -0.5999096516743180 0.7732060933522188 552484.4618163353297859 4182777.1383846942335367 -1.7276328372536227
0 0464 -0.0824194826625079 -0.0540857735695239 -0.6191385680537377 0.7790694394746838 552508.1202403840143234 4182780.9620352098718286 -1.8573250822955742
0 0468 0.6982443385529202 0.5274357732311921 0.2922071895986590 -0.3858514055198748 552566.3658139333128929 4182774.6309557147324085 -2.3945930256159045
0 0469 0.7201188656442490 0.5474797832462460 0.2732143245696398 -0.3271828833081570 552551.8222334347665310 4182772.6075205598026514 -1.8685017030220479
0 0471 0.7094242776011790 0.5419071870697838 0.2839086324956399 -0.3499281116838365 552563.0627246259246022 4182776.7785094473510981 -2.5500402048928663
0 0474 0.7382751789187778 0.5304643139839652 -0.2399967376840932 0.3405274404258201 552594.2966019480954856 4182781.2267348272725940 -0.2093287010211498
0 0476 0.7322744995436474 0.5821364396761681 -0.2142704745275977 0.2810327145813706 552608.5518940482288599 4182784.3950872141867876 -1.0448817039141431
0 0478 -0.3337208985072825 -0.2078923857842254 -0.5113307207346476 0.7641675286646381 552605.4354958748444915 4182799.0831859242171049 -0.7499457849189639
0 0479 0.6556141843319809 0.4847065948312207 -0.3245311676833982 0.4794883517165814 552608.5684029434341937 4182800.8318347856402397 -1.2452261039288715
0 0480 -0.2258950373716231 -0.1464395373656162 -0.5640225452817764 0.7806442611080182 552625.4997158327605575 4182799.8226366844028234 -0.4039228225592524
0 0481 0.7229894778055814 0.5862315184576985 0.2457135601860346 -0.2706356740895363 552698.1732795624993742 4182798.1454716874286532 -1.4724488718784414
0 0482 0.7391248422006825 0.5211286267728222 -0.2086248734168167 0.3722836072022324 552742.3898223992437124 4182808.5778669314458966 -0.9630133684258908
0 0483 0.4361128720110621 0.3678749734896197 -0.5116395833355473 0.6424161451197364 552754.4095435675699264 4182807.1694195889867842 -0.8227387543302029
0 0484 0.6719207682401384 0.5482672486754941 -0.2790528740342100 0.4123772529258048 552752.7993759477976710 4182825.9549652612768114 -2.6467184515204281
0 0485 0.7566048254717757 0.6422618038584726 0.0778327607751329 -0.0948207505106650 552783.0437767396215349 4182813.0274997232481837 -0.4908012584783137
0 0486 0.7522780979717315 0.6018745876509531 0.1797716066153774 -0.1987632096414100 552852.8798090983182192 4182822.5852071843110025 -1.4250052798306569
0 0487 0.7016270823128018 0.5926623512925486 0.2482908700984754 -0.3079324902496561 552868.9503413848578930 4182821.4420765326358378 -1.1347776222391985
0 0488 0.7595897622100344 0.6153413561849423 -0.1175909809646758 0.1747877847847060 552867.7923448015935719 4182823.3498150622472167 -1.2126305139390752
0 0491 0.0344033086523766 0.0413286111952297 -0.5715875229674248 0.8187771747175214 552901.9411246113013476 4182812.3715843167155981 -1.1093997494317591
0 0492 -0.0182307317460213 -0.0221359938920377 -0.6066388219379683 0.7944601801928970 552901.8053907421417534 4182812.2082622842863202 -1.1231117544230074
0 0493 0.7629741180566715 0.6333667561164563 -0.0606321670660333 0.1141962684987486 552772.9449398870347068 4182810.4246670068241656 -0.6900519774062559
0 0494 -0.3519944570638408 -0.3043838691107005 -0.5517793339756696 0.6920909831943329 552751.7391001137439162 4182911.5902443090453744 -1.2709843909833580
0 0495 0.7314837208695945 0.6191339339322406 -0.1561670313218055 0.2391999086214193 552735.6750891364645213 4182940.8330894848331809 -1.2939222847344354
0 0496 -0.1588497805996744 -0.1155197412840191 -0.6175225586537951 0.7616349690834703 552730.2892262667883188 4182922.6867644703015685 -1.0749918310903013
0 0497 -0.3556230597586770 -0.2522039769821526 -0.5759752823068351 0.6915040618346531 552708.3606311837211251 4182920.5453817900270224 -1.5115998882101849
0 0498 0.3110988464022843 0.2711760219619016 -0.5705633356979843 0.7100271493663290 552684.2093215091153979 4182914.5452062347903848 -1.4867610698565841
0 0499 0.0239786888645290 0.0509699132663212 -0.5838036253595121 0.8099385269506890 552673.0297267341520637 4182914.2834915798157454 -1.0571145077701658
0 0500 -0.2213326576233658 -0.1401638214057736 -0.5452871269338523 0.7962586935403174 552666.2179984932299703 4182912.0542331719771028 -0.8538296064361930
0 0501 -0.2501070981427826 -0.1718857442510591 -0.5967466646734629 0.7428291516781994 552666.1539208318572491 4182912.4644865789450705 -0.5838294469285756
0 0502 0.7206531380018674 0.5800404434545786 -0.2428547214242460 0.2919481510936989 552664.4217626997269690 4182899.9672917369753122 -0.4936590115539730
0 0503 0.7625004224330544 0.6269848077075503 0.0983750184079755 -0.1257199763226602 552661.5754103721119463 4182901.4478297918103635 -0.8842013606335968
0 0509 -0.3966387192179351 -0.3195680340533694 -0.5380391658560763 0.6716158530241214 552464.1846605425234884 4182861.4595123105682433 -0.9233300752239302
0 0510 0.5249137871226350 0.4253241578892300 -0.4599451332678684 0.5762077326690376 552445.7406041063368320 4182859.6979133319109678 -1.2384590735528036
0 0511 0.7459082888607679 0.5383587271988467 -0.2201902666509551 0.3245103263839543 552433.9849743410013616 4182860.0145181668922305 1.7514686156064272
0 0512 0.7755172146377869 0.5544469077530073 0.1797628267931859 -0.2425840109877406 552347.8269729961175472 4182845.2454596101306379 -3.0082716324832290
0 0513 0.7769538020170569 0.6228973302420010 -0.0625596202433493 0.0665432147077005 552328.0628486147616059 4182842.5819484815001488 -1.1080677164718509
0 0514 0.7702065531786862 0.6272812931365216 -0.0784098483217082 0.0845691457196281 552327.8347795265726745 4182843.0640424415469170 -0.8136074276408181
0 0515 -0.3646565418626055 -0.3061365499034363 -0.5724710863017112 0.6675199432515597 552327.8740309909917414 4182841.2695513442158699 -0.4499902267125435
0 0516 0.7573592433924567 0.6109995833436660 -0.1353283595689679 0.1864744505240444 552316.6442443865817040 4182841.2258603321388364 -1.2166053061373532
0 0517 0.7607039504298847 0.5955105620941779 0.1437168417418035 -0.2145743219362593 552311.2388329347595572 4182839.9848466916009784 0.2598848377820104
0 0518 0.1721660985515905 0.0505979682394909 -0.5654220878195378 0.8050444352489832 552326.3453224493423477 4182876.8489384697750211 -9.4629730999004096
0 0519 -0.1286090364389340 -0.0580279947544996 -0.6170250095555774 0.7741915816863163 552315.4320188185665756 4182854.1197348423302174 -0.9447641213191673
0 0520 0.6717037173973304 0.6006474934920549 -0.2902195173526534 0.3221945628714306 552316.1503016527276486 4182855.6238224953413010 -0.8357629413949326
0 0521 0.1550053506720023 0.1606439665722880 -0.6125671222348066 0.7582403168019615 552299.6909513219725341 4182850.8698937566950917 1.2724234213819727
0 0522 -0.2325314693854237 -0.1255531930613033 -0.6037228342360613 0.7521198381106192 552188.7054492959287018 4182834.0736008929088712 -1.0626524805556983
0 0523 0.2494357936478094 0.2034335513691580 -0.5992657500214827 0.7329919071011695 552186.1182507753837854 4182833.6190474969334900 -1.1866740110563114
0 0525 -0.2620930520572174 -0.2071692657482659 -0.5984567114200741 0.7281742181297874 552583.5161800391506404 4182578.8911897512152791 -0.6835451233200729
0 0526 0.7136861714056596 0.6063167619440879 -0.2151316989563953 0.2770385984553466 552578.2368176658637822 4182567.2947126850485802 -0.6433002386474982
0 0527 0.1994157810422892 0.1616205763534290 -0.6060051921625950 0.7529075923660589 552512.8377997260540724 4182569.3977379137650132 -0.9922919602831826
0 0528 -0.2303073121609481 -0.1912177359462724 -0.5995228064843001 0.7422713277029968 552517.0613128105178475 4182567.7974624074995518 -0.9556737045058981
0 0529 0.4266138443253469 0.3222829789847401 -0.5059301175540809 0.6768818400861292 552488.3665156697388738 4182564.7929881704039872 -1.1075304344994947
0 0530 0.3333802415034721 0.2810857009567217 -0.5543165704581013 0.7089298858196936 552419.4194330405443907 4182552.0921326614916325 -1.1789703108952381
0 0531 -0.0259354451461127 -0.0215346851219076 -0.6427978726678782 0.7652937376690230 552418.2398841885151342 4182552.8189558014273643 -1.0927926830481738
0 0533 0.7956336451382167 0.6015754592081120 0.0520264382977210 -0.0486551058027537 552405.7158786326181144 4182537.3686345075257123 -2.2627327186055481
0 0534 0.7846424601982170 0.5912448517250741 0.1220552432707928 -0.1409547890381589 552395.7712270228657871 4182533.6493992898613214 -1.7497534751892090
0 0535 0.7335136161638475 0.5843430722686209 -0.2130553111020710 0.2740590870690201 552362.1264815682079643 4182527.4486819263547659 -1.2770855264971033
0 0536 0.7581842124025774 0.5576142234721093 0.2092428140060045 -0.2654063349506349 552340.8907543669920415 4182526.4845752934925258 -1.1049119039671496
0 0537 0.7470307091192363 0.5781896320672079 0.2201773054982314 -0.2432361468744651 552322.3946394370868802 4182523.5978541970252991 -1.0934778546215966
0 0538 0.7352799361276887 0.5907022838761867 -0.2154931871087120 0.2529761128273743 552315.4114450439810753 4182522.3692578296177089 -0.3512021707138047
0 0539 0.7111859478364480 0.5899374982454039 0.2531558614328538 -0.2865316833896682 552305.3583281068131328 4182519.7876087902113795 -0.7105380867142230
0 0540 -0.1588504659425616 -0.1405853612192260 -0.6121800591486870 0.7617334578849750 552301.8536480413749814 4182532.7716803215444088 -0.8580308427335694
0 0541 -0.0722506371154962 -0.0615874968804068 -0.6152058869718318 0.7826292495809319 552280.3054351466707885 4182529.6345555894076824 -1.4770578622119501
0 0542 -0.1060092170155904 -0.0740222283173482 -0.6195249303092607 0.7742555239376608 552259.1416532747680321 4182526.4541161051020026 -1.6777293550549075
0 0543 0.7639060405225431 0.6400806816032741 -0.0543888710740821 0.0615315609646435 552244.1662649489007890 4182511.2709651147015393 -0.6716562302317470
0 0544 0.7294425774144484 0.5450312706591551 0.2504351440552817 -0.3288414190466940 552239.0703370710834861 4182506.5846217051148415 -0.6625711050583050
0 0545 0.7179222903939068 0.5539289071625552 0.2639750632287193 -0.3287362419306064 552190.3452459429390728 4182497.5327771948650479 -0.3223087887745351
0 0546 0.7984862772865876 0.5913861242345249 0.0689620167615534 -0.0890300920591070 552161.0294859654968604 4182494.0734500158578157 -2.7077126833610237
0 0547 0.7895453569487265 0.6135754626860161 0.0110609325734982 -0.0045756618050105 552105.2567831568885595 4182482.7356542823836207 -1.3699217337416485
0 0548 0.7352109633636261 0.5490615532884578 0.2287088196157384 -0.3250977174333440 552090.7813277340028435 4182481.5569590865634382 -1.5500136627815664
0 0549 0.7231101674518451 0.5113213565784231 0.2833778598942073 -0.3679118706379893 552060.5969301692675799 4182480.1854266184382141 -1.1326219371985644
0 0552 -0.2288279786345470 -0.1838027262220346 -0.5880604563307006 0.7536837624146503 551989.7579633577261120 4182482.5097150872461498 -1.0503962691873312
0 0553 0.2524281766717492 0.2337669268161775 -0.5910412854046645 0.7295911447490971 551949.9448612125124782 4182477.0635785730555654 -0.9073036852059886
0 0554 0.7508000871326329 0.6127533083132564 -0.1415002346383458 0.2020155833347600 551956.1020051497034729 4182463.7594688590615988 -1.2550882860086858
0 0555 0.6980773712900687 0.5479711069133457 0.2868728999118582 -0.3607209294968495 551953.2360945495311171 4182459.7569281230680645 -1.3258901814115234
0 0556 0.5030317583605607 0.4027541311814494 -0.4629315387328305 0.6086399184603424 551935.1452746090944856 4182459.7049460131675005 -1.1433753130113473
0 0558 0.0501590374575370 0.0530077092153901 -0.6321360225492535 0.7714131854724028 551858.4189320252044126 4182460.1513566980138421 -0.3793588698608801
0 0559 0.6899134237505581 0.5090420081930720 0.3204267288771016 -0.4027684360084184 551814.8110806320328265 4182438.0699236742220819 -1.9274972876301035
0 0560 0.3512564835975782 0.2892264440964706 -0.5606899243301716 0.6918047090910858 551787.3462826937902719 4182448.8170643476769328 -0.8183604603982531
0 0561 0.0333799765651442 0.0526248813835894 -0.6477420716765158 0.7593066624257218 551766.8101740849670023 4182445.2499000541865826 -0.3326862909598276
0 0562 0.7256099424237953 0.5702931540468984 0.2444272342737827 -0.2975084150881225 551743.5552873299457133 4182426.6837354637682438 -0.2094174730591476
0 0563 0.7467955255211037 0.5661100731373024 0.2143802444822738 -0.2754213843002334 551710.9478572444058955 4182420.2759412033483386 -0.5670051942579448
0 0564 0.2362347472166883 0.2002340398314308 -0.5878123654571028 0.7473794862825563 551618.7366794203408062 4182421.3151544323191047 -1.0270454875426367
0 0567 0.7960894289240860 0.5924174368476146 -0.0739900701295896 0.0990387358382752 551513.0192846589488909 4182386.0890251672826707 -1.6846408105921000
0 0568 0.1950637028279205 0.1605689043094593 -0.6192872518658143 0.7434050568057821 551535.5258452217094600 4182302.1701857801526785 -0.4889227804960683
0 0570 0.7995461393647728 0.5885851691368235 0.0633477578234332 -0.1013929547740265 551602.5107347274897620 4182297.2267785668373108 -3.3608025924768299
0 0571 0.7689747043339218 0.5974972808808541 -0.1511675723139676 0.1697741691637592 551627.5926897334866226 4182301.1779940919950604 0.4425089466385543
0 0572 0.7187213267567374 0.5400640414374942 0.2556304596581707 -0.3555609001369354 551662.6667211903259158 4182307.2773352209478617 -0.5324283809168264
0 0573 0.7851862662662078 0.6086090762186521 -0.0766804482422514 0.0848388382085594 551683.4677431501913816 4182309.5409311307594180 -1.1107874836307019
0 0574 0.7583147191410461 0.5860653656918089 0.1735847867495034 -0.2266153032778058 551744.1937278637196869 4182320.8957387595437467 0.1524747663643211
0 0575 0.7229882764720291 0.5836473193171469 -0.2419685407209286 0.2794547978462666 551767.6128174040932208 4182324.1822155644185841 -0.2857766044326127
0 0576 0.3147719747427474 0.2504547155872398 -0.5732120017079323 0.7138760679940541 551773.3124611664097756 4182340.4864716725423932 -1.1561677826684900
0 0577 -0.1446600518264999 -0.1164355165367639 -0.6246549346989432 0.7585001334545899 551806.4864512754138559 4182346.2589468164369464 -1.4719778212020174
0 0578 0.3198129578854353 0.2822051905617464 -0.5795036091596411 0.6944461601589621 551839.3385405766312033 4182350.6884753070771694 -1.2472841892158613
0 0579 0.7770308791059857 0.6041118738594538 -0.1082206435676573 0.1398576028809321 551831.1147213981021196 4182335.1037005316466093 -1.1905401380499825
0 0580 0.7608793754621346 0.6136981469989827 -0.1397028915357854 0.1578615293949347 551864.9329039780423045 4182340.2992639271542430 -0.2306896222289652
0 0581 0.7255295204935617 0.6044159938807707 -0.2166793170207851 0.2476656916266535 551884.2370993325021118 4182344.1193754421547055 -0.5017405132530257
0 0582 0.7916478007652704 0.5250533471821490 0.3074894995064602 -0.0553439233303820 551907.8572497267741710 4182375.7332002250477672 15.1881748138694093
0 0583 -0.2193827446276367 -0.1453684828811882 -0.5952021432911032 0.7592586016411955 551907.2966580102220178 4182361.8740302766673267 -1.2177509373286739
0 0584 0.2539238364663213 0.2263558012727782 -0.5651370743437351 0.7516021711694209 551907.0382680834736675 4182362.1863215174525976 -1.7480734572745860
0 0585 -0.2519979360967414 -0.2056233475466999 -0.5769867168369018 0.7492011797511030 551943.9901345858816057 4182367.9875101344659925 -2.5148457504110411
0 0586 0.6681855928592809 0.5409471203893361 -0.3632653756059238 0.3590856350839774 552037.4391748677007854 4182344.1635331660509109 -21.7006617511506192
0 0587 0.6992377241330712 0.5519505106028050 0.2735386798331602 -0.3627586382564005 552020.8612171509303153 4182365.8839527866803110 -1.2939035700401291
0 0589 -0.0988914449025809 -0.0640814353474021 -0.6035906186652569 0.7885381517898731 552093.3838165268534794 4182391.7308939620852470 -0.7177728302776814
0 0590 0.5009397744585289 0.5825841119619609 -0.2739480668216183 0.5784527219571445 552010.4270866473671049 4182348.5730059361085296 -27.8839073421549983
0 0591 -0.3003029039233890 -0.2047832680658832 -0.5620350627232704 0.7429660606549172 552121.6822532196529210 4182400.9217462837696075 -1.4462249905336648
0 0592 0.7000504712437235 0.4761030127573683 0.3080036369044538 -0.4340380382045186 552121.6648078113794327 4182401.5697276983410120 -1.2775994293624535
0 0594 0.0256953343138217 0.0250824997959398 -0.6071088497166502 0.7938069428987211 552172.5046193054877222 4182411.7194830416701734 -2.0840505656087771
0 0595 -0.0645765424074640 -0.0493390432361102 -0.6135310845068472 0.7854776491582011 552232.3690257694106549 4182423.3664917894639075 -0.8086339759174734
0 0596 0.3980582639272914 0.3033747152038864 -0.5246272765628102 0.6886796217258357 552238.7800536577124149 4182417.2031089370138943 -1.0386026168125682
0 0597 0.7591386488528952 0.5800622356482636 0.1841549103470740 -0.2309183483129921 552290.3952069091610610 4182411.1405792767181993 -0.8648223446216434
0 0598 0.7445840595172554 0.5783340702549289 -0.2060159363264217 0.2620719662129452 552290.1629006594885141 4182411.7684144116938114 -0.7133351159282029
0 0599 0.3051382830202559 0.2530118215786419 -0.5735775558390018 0.7168573315623301 552343.0193955223076046 4182434.0401325272396207 -0.6591788190999068
0 0600 0.1889750710601597 0.1647465177544312 -0.6069347086375757 0.7541732339831596 552395.1454393772874027 4182443.6891821529716253 -1.0119034622330219
0 0601 0.6816472724637610 0.5765740357315242 -0.2836666904253914 0.3499322591675185 552383.4797216583974659 4182407.1234026714228094 -1.1913756543654017
0 0602 0.7591086617003892 0.5920722566568931 0.1683322906935702 -0.2118223844132478 552496.2392722987569869 4182446.0723001719452441 -1.3604475106112659
0 0603 0.7771108545657356 0.5949216012010640 0.1303587529490207 -0.1586619162560773 552514.4007936941925436 4182448.4167014532722533 -1.5441449725767598
0 0605 0.7529407673687344 0.5983537798618882 -0.1603465316919587 0.2221304678190994 552395.7131274307612330 4182322.5375473992899060 -1.2550615179352462
0 0606 0.7427817714984176 0.5463479739898571 0.2422325996087800 -0.3018319050955737 552369.2355799265205860 4182317.2238936908543110 -1.1012303433381021
0 0607 -0.3678343140092099 -0.3092219180419756 -0.5593679965989352 0.6754162917939641 552278.2173578424844891 4182302.9261826826259494 -0.8951846083509736
0 0608 -0.0997544405583080 -0.0996003826784227 -0.6376402107789828 0.7573267306499520 552212.9287807621294633 4182305.6195676890201867 -1.4163614800199866
0 0609 0.7810992822058747 0.6243025807844884 0.0112221710181693 -0.0020644226634929 552144.0078253970714286 4182281.7657512640580535 -1.3338290971005335
0 0610 -0.4472261207196753 -0.3531031518781882 -0.5214722856568018 0.6351170099844520 552130.5850897037889808 4182276.4440823462791741 -1.1921750605688430
0 0611 0.3145014318559601 0.2415608221480771 -0.5562443553747136 0.7302940747927956 552043.7853567353449762 4182277.5817482061684132 -0.5721432894933969
0 0612 -0.1571239861910446 -0.1220571257106254 -0.6179979881086114 0.7605870086455629 551801.8044362575747073 4182237.5338380197063088 -0.8436398482881486
0 0613 0.7689429636668598 0.6184459158801792 -0.1263824958849184 0.1013845771912628 551691.3542420663870871 4182234.5903090871870518 -1.3906852561049163
0 0614 0.7162021017016575 0.5871621644285644 -0.2516224123181703 0.2810361254374193 551739.5078929888550192 4182216.2995012868195772 -0.6824446568498388
0 0615 0.4583212415571553 0.3635162616460109 -0.5134188108923757 0.6278524441923242 552258.9494256906909868 4182302.4508836381137371 -0.7706561949453317
0 0617 0.6890265448749865 0.5567178164047537 0.2841731101221789 -0.3668151262402484 552658.5399934358429164 4182581.7503258371725678 -1.1074648157809861
0 0619 0.7828083541467747 0.5847222208633543 0.1188309625718163 -0.1766074954267229 551748.3378817141056061 4184425.4597203945741057 -0.7392142079770565
0 0620 0.8010063880846494 0.5964689667167720 -0.0495659117083841 0.0125203190026139 551734.2176023290958256 4184424.4908655849285424 -0.5673903385177255
0 0621 0.7098423907161445 0.6694535556796485 0.1264113783435080 -0.1788180095951149 551696.5018412044737488 4184418.4209870016202331 1.1209891341859475
0 0624 0.7187657497652169 0.6604465909366414 0.1690967627678187 -0.1363538862887984 551652.0337146681267768 4184410.3170641558244824 -0.9001249962893780
0 0625 0.7244314563084916 0.6684500979562247 0.1153986287123178 -0.1227056972776253 551644.0524365014862269 4184408.3843496851623058 -1.2109530589659698
0 0626 0.7393971106694193 0.6284401469176946 0.1770255334158486 -0.1643680473650989 551584.8797405126970261 4184400.3089200202375650 -0.8964082883321680
0 0627 0.7191133177188799 0.6276104669646013 0.2093604028151342 -0.2124837870730492 551569.9485510622616857 4184395.7794517180882394 -0.4973275173688307
0 0629 0.7431959546793993 0.6190486609192948 -0.1792737762446832 0.1797204537974901 551550.3639521666336805 4184604.9497066275216639 -0.6613880376098678
0 0630 0.7397083063807365 0.5785236879516000 0.2508175162149432 -0.2350160367081129 551536.7480493271723390 4184604.0825608400627971 -0.6180243446724489
0 0631 0.7441406145174913 0.5949437052900484 0.2038562759725350 -0.2252539724575090 551523.4853711787145585 4184601.6468967725522816 -0.8173773629823700
0 0632 0.7946077711620803 0.6060374460363331 -0.0082666337140207 -0.0353378943575885 551500.1570949276210740 4184598.3587185433134437 -0.8009060074109584
0 0633 0.7626581749212428 0.5736898251039154 0.2039989757738596 -0.2182129938414630 551482.3774209532421082 4184595.6453030733391643 -0.5929082002257928
0 0634 0.7394362530365148 0.5844639020645541 0.2285083467613439 -0.2437619952724208 551472.7267778425011784 4184593.7653501946479082 -0.6909806822659448
0 0635 0.6785221589135834 0.6044456310358094 0.2911505204144643 -0.2991396554242829 551446.8542270932812244 4184589.5216084606945515 -0.9510004377225414
0 0636 0.7996411673648490 0.5950994079875846 0.0634497281511564 -0.0490390667300267 551428.0036754393950105 4184586.9100942299701273 -0.7267452680971473
0 0637 0.6644844099685400 0.5672007270458586 0.3282785749853173 -0.3591336538853193 551314.8422028177883476 4184572.1172159882262349 -0.2330643059976865
0 0638 0.6869645081962029 0.5966144112957112 0.2783684860058505 -0.3076393907025422 551301.9605718329548836 4184568.2606343906372786 -0.6335348391439766
0 0639 0.6864846170601578 0.5925350914996524 0.2516670330223865 -0.3380898406799232 551303.6289419033564627 4184575.2237258609384298 -1.0869542883010581
0 0640 0.7280137233903182 0.6341623718898949 0.1814000183972979 -0.1868907112721440 551286.6595880563836545 4184669.6380168753676116 -0.7308375932625495
0 0641 0.2291866211858388 0.2553699170157003 -0.6189914414359771 0.7064766758937090 551486.9834621676709503 4184712.8358166622929275 -0.4200576720177196
0 0642 0.1627826914015772 0.1632042293444916 -0.6507874103102168 0.7234237496003647 551502.0741584040224552 4184714.9897733121179044 -0.6696052877232432
0 0643 0.0971471721559887 0.1068222964878279 -0.6274164993744500 0.7651796914633007 551517.4485712943132967 4184717.0848553073592484 -0.5405816256534308
0 0644 0.6343031771656567 0.5486290371101221 0.3554633262928531 -0.4126881179995306 552370.3067621497903019 4183467.0674339532852173 -0.2894016451609787
0 0645 0.2461967802265445 0.1986483596924811 -0.5934287746183592 0.7401136831950358 552341.2381208804436028 4183475.3069616770371795 0.6898424481041729
0 0646 0.6368414494881435 0.6486036109607436 -0.3052346224626994 0.2838629058411433 552056.4711270448751748 4183415.1724468916654587 -0.0503612482134486
0 0647 -0.1526269877415141 -0.1226045830704664 -0.6659659146629046 0.7198350639766514 551812.6809626109898090 4183298.0914786909706891 -1.9036663474398665
0 0648 0.4378696605789678 0.4276577477934723 -0.5362430473288335 0.5812249179862823 551814.7022182886721566 4183286.8075377726927400 0.1673379862222646
0 0649 -0.2949072263487320 -0.2448367223900756 -0.6033212720685599 0.6993483751937639 551817.2973839736077935 4183286.0294557786546648 -1.5866269382531755
0 0650 -0.3741289145781609 -0.3256305005436133 -0.5758246721156280 0.6499371349409205 552458.1516826564911753 4183379.4924398805014789 -2.0045433578197844
0 0651 0.5963712201308435 0.5202828922080863 0.4025708672806607 -0.4599823656316993 551847.3519443499390036 4183178.9308520164340734 -1.4624361533788033
0 0653 0.3511881479356925 0.3343789066955107 -0.6077860245720815 0.6288511587343053 551907.0353720753919333 4183511.1147956307977438 -0.3947661535785301
0 0654 0.3559260958033040 0.3631331216277305 -0.5756158065827578 0.6404040861168816 552028.7208814120385796 4183530.6852876422926784 -0.0608814129664097
0 0655 0.6746240859825736 0.6375457546125551 -0.2613283724415096 0.2648116975225155 552263.6548959645442665 4183552.1635794555768371 -1.4192023407376837
0 0656 0.6546647094648529 0.6218001345406436 -0.2976975395686554 0.3100885128496474 552352.9853616424370557 4183565.0446724328212440 -1.6948873164365068
0 0657 0.5854120935981683 0.5668380825971209 0.4070050713694363 -0.4127155687228057 552417.7854740197071806 4183575.5340200029313564 -1.3348378276059520
0 0658 0.7119744291785095 0.5959749521291575 0.2367542870326448 -0.2861008147528558 552537.5575623488985002 4183595.5010859891772270 -4.5214986988576129
0 0659 -0.0607429913509612 -0.0209271541015111 -0.5916464837491805 0.8036334870388238 553063.0701340273953974 4182980.1565807047300041 -1.2117055915296078
0 0660 0.0896074006703655 0.0943148024979853 -0.6235370787895815 0.7708934706880204 553041.0019133887253702 4182953.6933781476691365 -0.7838731543160975
0 0661 0.7509168696950400 0.5881741618529092 -0.2051417640594865 0.2192985790528339 552957.7113524130545557 4182905.1609977092593908 -0.9555559976724908
0 0665 0.5877469609862040 0.4568154517901865 0.4108965165557345 -0.5263432392836183 552815.1923420928651467 4182734.7850897773168981 -0.8553753582928039
0 0666 -0.4363755731866322 -0.3196720341994689 -0.5296923789210108 0.6533086050174235 552807.0307156641501933 4182725.1553430450148880 -1.2901920216390863
0 0667 0.5371074143668986 0.4437778762255966 0.4761892477579051 -0.5364891632871668 552784.7554267854429781 4182697.9536966895684600 -1.0781479196448345
0 0668 0.8189408471871731 0.5728504994911003 -0.0276055191873427 0.0203992487986565 552787.0854722848162055 4182701.2467232677154243 -0.6124250229913741
0 0669 0.7723843628145316 0.5682519526333450 0.1782755196271237 -0.2207486206291207 552798.8553037887904793 4182687.1512849004939198 -0.6688022041926160
0 0670 0.7827157138306873 0.5895285938945759 -0.1206511920851064 0.1589195964997546 552794.2096755462698638 4182680.1764174392446876 -0.7178529147058725
0 0671 0.5338171104146053 0.4209032694484221 0.4635192287307122 -0.5683569784854547 552782.0293957542162389 4182670.2602269686758518 -0.4643714943958912
0 0672 -0.4101740978527869 -0.2395871607706893 -0.5115867560787590 0.7159847713808615 552660.7181853952351958 4182698.8022890794090927 0.0300856085959822
0 0675 -0.1394482107979754 -0.1284710549577165 -0.6032301831515463 0.7747017043212482 552497.5921641106251627 4182655.7806475590914488 -1.2974706985987723
0 0676 0.7939623334868273 0.5885530694377913 0.0966524389525503 -0.1178448280750148 552474.3504696106538177 4182655.5887289135716856 -3.1386582958512008
0 0677 0.6823407565174198 0.5300707522046417 -0.3178355134970919 0.3904057837846163 552432.4761467936914414 4182648.6119500584900379 0.6690639319131151
0 0680 0.4597315822660087 0.4172708078985005 -0.5290941837845400 0.5784386655716368 552361.9368556094123051 4182639.9449187098070979 -1.5591037088379380
0 0681 0.7251141123010759 0.5303758467798738 0.2570950072737773 -0.3561083297667307 552359.5913114391732961 4182632.0010269535705447 -0.5449026043061167
0 0683 -0.3317491013625592 -0.2713664041633140 -0.5795893312395347 0.6930937999649950 552222.4065847145393491 4182609.1391355097293854 -0.9394311921205372
0 0684 0.7642747865197345 0.6221620894559583 -0.1203152255034238 0.1196771976864046 552221.8527025246294215 4182610.9165882002562284 -0.3243117853999138
0 0685 0.6751198981756638 0.5631708460723570 -0.2990277051718778 0.3709907718004147 552102.0360226233024150 4182591.3144269445911050 -1.1839004966313951
0 0687 0.6531444813331951 0.5042142962326968 0.3551899358634393 -0.4393294201847671 551935.1304808865534142 4182563.0462959567084908 -1.2180035190540366
0 0688 -0.2488790771603186 -0.1867406585149370 -0.6145327630838416 0.7249390419240604 551918.5224742426071316 4182564.9829423236660659 -0.9607153319520876
0 0689 0.4013122328346021 0.3129544228776378 -0.4786680177300781 0.7154613544986120 551973.6020228373818099 4182479.5959421573206782 -1.6078599133179523
0 0690 -0.4180496827041619 -0.3034514647443110 -0.5040076439251925 0.6921907007468810 551981.3041765941306949 4182480.6991401701234281 -0.9913847950519994
0 0691 0.4703913181340684 0.3659545122028297 -0.4396501317775643 0.6719501949180854 551998.2263498780084774 4182483.2328681531362236 -0.7371017668338027
0 0692 -0.2963303066491356 -0.2590740223288159 -0.5640202094326043 0.7259133582371925 552002.7400337664876133 4182484.3072206410579383 -1.1015419404720888
0 0694 -0.0142902563593508 -0.3325695047888481 -0.5264113709036967 0.7823582182357229 552077.6622851816937327 4182505.7677787337452173 6.1908369115553796
0 0697 0.7238323670777558 0.5517434949614259 0.2858282994867654 -0.2999133263975913 552095.1992422961629927 4182697.9735756739974022 -2.3704903028556146
0 0698 0.6440235616616513 0.5091245413607689 0.3511723344858051 -0.4502264373630429 552075.5319272346096113 4182694.0616360651329160 -1.6556771751784254
0 0699 0.7378949784245941 0.5948625292556295 -0.2007792139217074 0.2476636415793489 552046.4774289517663419 4182689.5486813103780150 -1.6164281817618757
0 0700 0.7282209423199517 0.5710239821822921 0.2325956150325360 -0.2992075380182709 551991.5531902401708066 4182680.2221714211627841 -0.9607887178426608
0 0701 0.7025365454630342 0.4981645904119878 0.3279899526643802 -0.3881971587991597 551966.0404516311828047 4182673.7709096972830594 -2.3746318976627663
0 0702 0.3627239609880911 0.3086465797891391 -0.5208520573666726 0.7084361306755047 551926.4843580904416740 4182684.8573509785346687 -1.2063133604242466
0 0703 0.3661946183249249 0.2809677517327669 -0.5483442145344154 0.6973358203783396 551997.2532054155599326 4182696.4261551592499018 -0.9573961350833997
0 0704 0.4262707697384039 0.3047931774922296 -0.4962299597226117 0.6922067443289714 552042.8072268089745194 4182704.3962057870812714 -1.0342779791681096
0 0705 -0.1998681649145768 -0.1415182367315489 -0.5930361434573783 0.7670289680835221 552061.2075165067799389 4182709.3468781989067793 -1.9977012340677902
0 0706 0.3820095231804034 0.3640456285715276 -0.5071373022670833 0.6814332404327714 552083.7406949342694134 4182710.8643606705591083 1.0258557736524381
0 0707 -0.1872682485894135 -0.1416998353525751 -0.5591985943649479 0.7950777897737888 552090.8221706023905426 4182713.0061577460728586 -1.6784961381927133
0 0708 0.2962616134914674 0.2465980786045530 -0.5448256993488447 0.7447035660778170 552100.5725392813328654 4182713.7666950961574912 -0.5956095322035253
0 0709 0.3778956593973902 0.2655671318970888 -0.5116103095629014 0.7245162939599897 552114.4366194230969995 4182715.0553238298743963 -0.8960339364130050
0 0710 -0.3682661231438607 -0.2947580223846638 -0.5158427983781911 0.7151251485899720 552130.1786485058255494 4182717.6898319669999182 -2.2123689864529297
0 0711 0.7309588657735677 0.5523432275686138 -0.2272188671892580 0.3301328246317479 552137.7026520348154008 4182703.8567626057192683 -0.1276029072469100
0 0715 0.7454625377084116 0.6380451456093610 -0.1243218944120729 0.1474044219399730 552233.5418849483830854 4182721.7612350760027766 -2.2091873233439401
0 0717 0.6942862109274233 0.5024429248235966 0.3038395714415076 -0.4161721752315886 552288.1631700021680444 4182729.3601215328089893 0.4894614921067841
0 0718 0.6224796141225851 0.5745256893670830 0.3517797403150033 -0.3983596070926177 552340.3065667354967445 4182749.0797143434174359 -0.3777249586128164
0 0720 0.4509801126468981 0.3540600077732340 -0.4928789719555460 0.6544683093142499 552386.7267481711460277 4182761.5071192542091012 -0.8056553128990345
0 0721 0.7293096442896697 0.5360863391131329 0.2757121477137838 -0.3235764073065391 552398.1985408184118569 4182747.6801787009462714 -0.7716806165408343
0 0722 0.7696769461545409 0.6169070774018118 -0.1011100393467182 0.1296141055328477 552399.4449969026027247 4182747.8907895917072892 -0.3786577436840162
0 0723 0.7082615698302642 0.5003830966065677 0.3032257847742025 -0.3950144665452914 552446.5346743706613779 4182754.9352407180704176 -2.2525563137023710
0 0724 0.7378729864098622 0.5967208235684659 -0.1904996767692598 0.2513515223689141 552464.8479609538335353 4182758.4560782378539443 -0.8476890358142555
0 0725 -0.2971671302599591 -0.2308271998549848 -0.5687355586291475 0.7314030112400133 552478.1793932504951954 4182775.0232466682791710 -0.9742414396023378
0 0726 0.0248947236518427 0.0460893221508006 -0.6488908452449816 0.7590762136144378 552519.1005601953947917 4182781.2658916208893061 -0.7099111244315282
0 0727 0.0062307236553667 0.0050001079433954 -0.6341929896027314 0.7731335130118435 552639.8615343382116407 4182801.4531958238221705 -1.0583466402022168
0 0729 0.6546163074056528 0.4661531339143937 0.3568214291830106 -0.4762953007286248 552681.4128882479853928 4182796.7387265958823264 -0.9017945962550584
0 0731 0.4924923407747486 0.3756837975446804 -0.4606989648528318 0.6356645674600291 552753.3426596249919385 4182808.4505482232198119 -1.0832901649991982
0 0732 0.6242767438854715 0.4484439079454744 0.4026302184290688 -0.4970568535671796 552754.4523727471241727 4182807.2209283295087516 -0.9268089248944307
0 0733 0.4471970393098733 0.3053112990762549 -0.4635311938061680 0.7013833837905500 552752.7925674507860094 4182825.4884250480681658 -0.7128561749123037
0 0734 0.2129472198154425 0.1826675392047603 -0.5864148969000798 0.7598707919030838 552752.6660177772864699 4182824.5561686623841524 -0.7617912417044863
0 0739 0.6720511894406556 0.5691292445245419 -0.2536747276252386 0.4001102777517540 552817.3633034368976951 4182818.4295855634845793 -0.4405638542957604
0 0741 0.7884974503236976 0.5427316798749923 -0.1649292743080725 0.2377234295758619 552854.1274095382541418 4182823.9060874031856656 -0.7432939906138927
0 0742 0.5240642655913398 0.4207130416130400 -0.4365018219311861 0.5981833678711479 552855.4490944338031113 4182822.3409254611469805 -0.4674218502041185
0 0743 0.4430151924883806 0.3165855353769786 -0.4901033148130851 0.6806686997532507 552855.4056894598761573 4182822.2612372818402946 -0.1046589015750214
0 0745 0.7660033582583703 0.6107915199858531 0.1327067656523838 -0.1502048221607854 552913.1543819783255458 4182802.8469265666790307 -1.0979188131168485
0 0746 0.7629021275391721 0.6017276867476444 0.1374400340273609 -0.1923911948195432 552919.5720402956940234 4182793.9164819968864322 -0.3158562876051292
0 0748 0.6046244516469130 0.5019995925186792 -0.3881324711865531 0.4814341765936126 552733.3052798534044996 4182924.1629425194114447 -0.9807923767366447
0 0750 0.4394285255810605 0.3729045604176912 -0.5210740953721867 0.6295447139460398 552610.2397140617249534 4182903.2114491299726069 -1.1230520998651627
0 0752 -0.2981900325381340 -0.1924556785605905 -0.5616199590811428 0.7474132309816202 552525.5503840688616037 4182889.6251029726117849 -1.8505572744179517
0 0753 -0.4206048094272274 -0.3809404909194549 0.5839122450042408 -0.5805363268554672 552527.4932364575797692 4182881.4944702074863017 -1.1578853259998141
0 0755 0.7684313396804214 0.5243769046868114 0.1912012261274574 -0.3130243267789077 552465.4084888985380530 4182865.0034135440364480 -0.4669540332397446
0 0756 0.7900185456329121 0.5531292203181689 -0.1722699299348729 0.2006036750074806 552447.3601715227123350 4182861.0584338796325028 -0.2953766533173621
0 0757 0.6752803672769919 0.4987817812117054 0.3148616596136945 -0.4428039019778839 552372.8996511442819610 4182849.6826912928372622 -6.4141248959931545
0 0758 0.6914167121611862 0.4888388349774746 -0.3106595324764201 0.4318219290906991 552342.2684990814886987 4182845.2601227695122361 -2.2358775041066110
0 0759 0.6806099045458992 0.4593452197300427 0.3234605422859663 -0.4702609961811094 552313.0506418372970074 4182840.1474839197471738 -0.6363693828461692
0 0760 0.6939475226594256 0.4732509627862483 0.2985693263955285 -0.4531299144312316 552311.0384027389809489 4182840.1326047824695706 -0.1658413860131986
0 0761 0.2825165741155806 0.2164526238492713 -0.5240546193708713 0.7737566819710268 552316.1493474079761654 4182863.4735758518800139 -0.6090231824200600
0 0762 0.4862349316640500 0.3879963728589406 -0.4681866682380986 0.6275632633942742 552310.6070556360064074 4182854.3290392020717263 0.0284298242622754
0 0763 -0.4456181364562807 -0.2221905018678830 -0.5309792198522469 0.6856507313684053 552268.6802164122927934 4182849.6728564333170652 3.3804026099387556
0 0764 0.3813372746922976 0.3498053141200960 -0.5402284710018529 0.6636047952377926 552231.4818055075593293 4182840.7248437143862247 1.6379770544299390
0 0765 0.7216246716938304 0.6242738475071767 -0.2240224595367514 0.1983782602617096 552242.5149423338007182 4182824.9762958381325006 8.0576578107429668
0 0766 0.6357575965263768 0.5805302971224072 -0.3427930982459673 0.3758852808729081 552272.3620380475185812 4182833.4058594359084964 6.5744009470508900
0 0767 0.7851376285050899 0.6065561221031444 0.1148307655480199 -0.0496232841341082 552288.8310734913684428 4182835.8501361077651381 4.3163744787452742
0 0768 0.1575989318045967 0.1236978704011773 -0.6106864729261432 0.7661092907263889 552443.5379290292039514 4182559.5264838067814708 -0.8150169273139909
0 0770 0.0914406619925666 0.1054734493002221 -0.6646297340973112 0.7340172159975624 551979.0617874595336616 4182374.4335686708800495 -1.0919108524103649
0 0771 0.7661347571971392 0.5947410099923762 -0.1583903279047441 0.1850220767204722 552251.5233377970289439 4182419.1420733891427517 -1.2844282076694071
0 0772 0.7883822523594127 0.6130063928865803 -0.0423041986677637 0.0297815583870487 552325.2037215401651338 4182418.0491114854812622 -1.4846753453603014
0 0773 -0.2215296847742716 -0.1707295414600810 -0.5858312651505240 0.7606429853806441 552391.2237406738568097 4182444.8448013765737414 -1.1119398205773905
0 0776 -0.3776530883055861 -0.3030397757081781 -0.5520595355735569 0.6788043226249366 552146.2703259075060487 4182293.9864632226526737 -1.3756490745581686
0 0777 0.7433813523571002 0.6058156855479914 -0.1649711179977057 0.2305559592340501 552117.2307451770175248 4182273.4730041325092316 -1.1922049329150468
0 0779 0.6095148278070859 0.4201566811933375 0.3878549319757854 -0.5491161895937483 551986.9954562544589862 4182268.1500592175871134 -1.7798397764563560
0 0780 -0.2769329546619355 -0.2241470368668492 -0.5757837671146674 0.7358935371460088 551840.5941588238347322 4182245.6649529375135899 -1.4004304574336857
0 0783 0.5631630234846330 0.4071441995378332 -0.4396329340313052 0.5690376903838353 552491.9773883707821369 4182404.3197522088885307 -1.0657025129912654
0 0785 0.2381558730532760 0.1953950485049759 -0.6128907755226536 0.7276451418302814 552558.5485703302547336 4182473.8203938575461507 -2.1614366063731723
0 0788 0.7012332677882311 0.6014459051867689 0.2616844281247806 -0.2793850163450318 551773.3001970355398953 4184429.8578819725662470 -0.5573486784705892
0 0789 0.6888785408168183 0.5989577454456191 0.2650036778953831 -0.3105946327203873 551564.0220733066089451 4184394.4238228965550661 -0.5901478104060516
0 0790 0.7633617419605890 0.6151272218987363 0.1046879213456807 -0.1671460167469111 551462.2935509115923196 4184379.3062083590775728 -0.9126256497111171
0 0791 0.7726198909910112 0.5930363390704526 0.1425954076329960 -0.1761617277076172 551418.5587084426078945 4184371.4836978237144649 -0.7906957683153450
0 0792 0.7452564090761390 0.5786382937832348 0.1696479162257620 -0.2845877618922188 551405.4715526835061610 4184368.6703356360085309 -0.7409764300100505
0 0793 -0.3400856054080273 -0.3299376615566572 -0.5529578932970555 0.6853615751712830 551382.0152665327768773 4184366.0244979872368276 -0.9725895601441152
0 0794 0.7643752759977320 0.6415301530509984 -0.0446876414343783 0.0466102442901367 551339.0798589730402455 4184359.2791193453595042 -0.9356252358993515
0 0795 0.6664769104074293 0.5750268525635989 0.2844040721003615 -0.3798249208481467 551335.2720504507888108 4184366.1360356737859547 -0.7243617437197827
0 0796 0.4496663650401131 0.3435132584156722 -0.5262040819360712 0.6347503962961154 551397.8877473451429978 4184471.0995917613618076 -1.0693561302905437
0 0797 0.7502125226131992 0.6502129669096557 -0.0854748818895765 0.0842514874815043 551894.4706630866276100 4184557.5097120353020728 -0.7155674509704113
0 0798 0.6778838087281435 0.5948175526827163 0.2888186489995952 -0.3213244604365164 551874.7679321100004017 4184658.0253477022051811 -0.9628351652063429
0 0799 0.7399038860200114 0.6211378688600667 -0.1709360998353674 0.1936771465442781 551729.3458876737859100 4184635.2417452032677829 -0.5613036098657176
0 0800 0.6044030987705182 0.5263489247950021 0.3540047107663745 -0.4820107553975906 551297.7241672230884433 4184600.7390783973969519 -0.9886133344843984
0 0801 0.6950352706993976 0.6320190292252628 0.2385612066657440 -0.2461025596273956 551300.1712503519374877 4184673.5755747738294303 -0.5969816163706128
0 0802 0.0187505895348384 0.0202136169555164 -0.6634576196742693 0.7477056987731364 551457.9178956175455824 4184709.7143630213104188 0.0086394635727629
